-20	0.0981238
-19.99	0.0980424
-19.98	0.0979609
-19.97	0.0978794
-19.96	0.0977979
-19.95	0.0977162
-19.94	0.0976345
-19.93	0.0975527
-19.92	0.0974709
-19.91	0.097389
-19.9	0.097307
-19.89	0.0972249
-19.88	0.0971428
-19.87	0.0970606
-19.86	0.0969783
-19.85	0.096896
-19.84	0.0968136
-19.83	0.0967312
-19.82	0.0966486
-19.81	0.096566
-19.8	0.0964833
-19.79	0.0964006
-19.78	0.0963178
-19.77	0.0962349
-19.76	0.0961519
-19.75	0.0960689
-19.74	0.0959858
-19.73	0.0959026
-19.72	0.0958194
-19.71	0.0957361
-19.7	0.0956527
-19.69	0.0955692
-19.68	0.0954857
-19.67	0.0954021
-19.66	0.0953184
-19.65	0.0952347
-19.64	0.0951509
-19.63	0.095067
-19.62	0.094983
-19.61	0.094899
-19.6	0.0948149
-19.59	0.0947307
-19.58	0.0946464
-19.57	0.0945621
-19.56	0.0944777
-19.55	0.0943932
-19.54	0.0943086
-19.53	0.094224
-19.52	0.0941393
-19.51	0.0940545
-19.5	0.0939697
-19.49	0.0938847
-19.48	0.0937997
-19.47	0.0937146
-19.46	0.0936295
-19.45	0.0935442
-19.44	0.0934589
-19.43	0.0933735
-19.42	0.0932881
-19.41	0.0932025
-19.4	0.0931169
-19.39	0.0930312
-19.38	0.0929454
-19.37	0.0928596
-19.36	0.0927736
-19.35	0.0926876
-19.34	0.0926015
-19.33	0.0925153
-19.32	0.0924291
-19.31	0.0923428
-19.3	0.0922564
-19.29	0.0921699
-19.28	0.0920833
-19.27	0.0919966
-19.26	0.0919099
-19.25	0.0918231
-19.24	0.0917362
-19.23	0.0916492
-19.22	0.0915622
-19.21	0.091475
-19.2	0.0913878
-19.19	0.0913005
-19.18	0.0912131
-19.17	0.0911257
-19.16	0.0910381
-19.15	0.0909505
-19.14	0.0908628
-19.13	0.090775
-19.12	0.0906871
-19.11	0.0905991
-19.1	0.0905111
-19.09	0.0904229
-19.08	0.0903347
-19.07	0.0902464
-19.06	0.090158
-19.05	0.0900695
-19.04	0.089981
-19.03	0.0898923
-19.02	0.0898036
-19.01	0.0897148
-19	0.0896259
-18.99	0.0895369
-18.98	0.0894478
-18.97	0.0893586
-18.96	0.0892694
-18.95	0.08918
-18.94	0.0890906
-18.93	0.0890011
-18.92	0.0889115
-18.91	0.0888218
-18.9	0.088732
-18.89	0.0886421
-18.88	0.0885521
-18.87	0.0884621
-18.86	0.0883719
-18.85	0.0882817
-18.84	0.0881914
-18.83	0.088101
-18.82	0.0880104
-18.81	0.0879198
-18.8	0.0878291
-18.79	0.0877384
-18.78	0.0876475
-18.77	0.0875565
-18.76	0.0874654
-18.75	0.0873743
-18.74	0.087283
-18.73	0.0871917
-18.72	0.0871002
-18.71	0.0870087
-18.7	0.0869171
-18.69	0.0868254
-18.68	0.0867335
-18.67	0.0866416
-18.66	0.0865496
-18.65	0.0864575
-18.64	0.0863653
-18.63	0.086273
-18.62	0.0861806
-18.61	0.0860881
-18.6	0.0859955
-18.59	0.0859028
-18.58	0.08581
-18.57	0.0857171
-18.56	0.0856242
-18.55	0.0855311
-18.54	0.0854379
-18.53	0.0853446
-18.52	0.0852512
-18.51	0.0851577
-18.5	0.0850641
-18.49	0.0849705
-18.48	0.0848767
-18.47	0.0847828
-18.46	0.0846888
-18.45	0.0845947
-18.44	0.0845005
-18.43	0.0844062
-18.42	0.0843118
-18.41	0.0842173
-18.4	0.0841226
-18.39	0.0840279
-18.38	0.0839331
-18.37	0.0838382
-18.36	0.0837431
-18.35	0.083648
-18.34	0.0835528
-18.33	0.0834574
-18.32	0.0833619
-18.31	0.0832664
-18.3	0.0831707
-18.29	0.0830749
-18.28	0.082979
-18.27	0.082883
-18.26	0.0827869
-18.25	0.0826907
-18.24	0.0825944
-18.23	0.0824979
-18.22	0.0824014
-18.21	0.0823047
-18.2	0.082208
-18.19	0.0821111
-18.18	0.0820141
-18.17	0.081917
-18.16	0.0818198
-18.15	0.0817224
-18.14	0.081625
-18.13	0.0815274
-18.12	0.0814297
-18.11	0.081332
-18.1	0.081234
-18.09	0.081136
-18.08	0.0810379
-18.07	0.0809396
-18.06	0.0808413
-18.05	0.0807428
-18.04	0.0806442
-18.03	0.0805455
-18.02	0.0804466
-18.01	0.0803477
-18	0.0802486
-17.99	0.0801494
-17.98	0.0800501
-17.97	0.0799506
-17.96	0.0798511
-17.95	0.0797514
-17.94	0.0796516
-17.93	0.0795516
-17.92	0.0794516
-17.91	0.0793514
-17.9	0.0792511
-17.89	0.0791507
-17.88	0.0790502
-17.87	0.0789495
-17.86	0.0788487
-17.85	0.0787478
-17.84	0.0786467
-17.83	0.0785456
-17.82	0.0784443
-17.81	0.0783428
-17.8	0.0782413
-17.79	0.0781396
-17.78	0.0780378
-17.77	0.0779358
-17.76	0.0778337
-17.75	0.0777315
-17.74	0.0776292
-17.73	0.0775267
-17.72	0.0774241
-17.71	0.0773214
-17.7	0.0772185
-17.69	0.0771155
-17.68	0.0770124
-17.67	0.0769091
-17.66	0.0768057
-17.65	0.0767022
-17.64	0.0765985
-17.63	0.0764947
-17.62	0.0763907
-17.61	0.0762866
-17.6	0.0761824
-17.59	0.0760781
-17.58	0.0759735
-17.57	0.0758689
-17.56	0.0757641
-17.55	0.0756592
-17.54	0.0755541
-17.53	0.0754489
-17.52	0.0753436
-17.51	0.0752381
-17.5	0.0751324
-17.49	0.0750266
-17.48	0.0749207
-17.47	0.0748146
-17.46	0.0747084
-17.45	0.074602
-17.44	0.0744955
-17.43	0.0743888
-17.42	0.074282
-17.41	0.0741751
-17.4	0.074068
-17.39	0.0739607
-17.38	0.0738533
-17.37	0.0737457
-17.36	0.073638
-17.35	0.0735301
-17.34	0.0734221
-17.33	0.0733139
-17.32	0.0732056
-17.31	0.0730971
-17.3	0.0729884
-17.29	0.0728796
-17.28	0.0727707
-17.27	0.0726615
-17.26	0.0725523
-17.25	0.0724428
-17.24	0.0723332
-17.23	0.0722235
-17.22	0.0721136
-17.21	0.0720035
-17.2	0.0718932
-17.19	0.0717828
-17.18	0.0716722
-17.17	0.0715615
-17.16	0.0714506
-17.15	0.0713395
-17.14	0.0712283
-17.13	0.0711169
-17.12	0.0710053
-17.11	0.0708935
-17.1	0.0707816
-17.09	0.0706695
-17.08	0.0705573
-17.07	0.0704448
-17.06	0.0703322
-17.05	0.0702195
-17.04	0.0701065
-17.03	0.0699934
-17.02	0.0698801
-17.01	0.0697666
-17	0.0696529
-16.99	0.0695391
-16.98	0.0694251
-16.97	0.0693109
-16.96	0.0691965
-16.95	0.0690819
-16.94	0.0689672
-16.93	0.0688522
-16.92	0.0687371
-16.91	0.0686218
-16.9	0.0685063
-16.89	0.0683906
-16.88	0.0682748
-16.87	0.0681587
-16.86	0.0680425
-16.85	0.067926
-16.84	0.0678094
-16.83	0.0676926
-16.82	0.0675756
-16.81	0.0674583
-16.8	0.0673409
-16.79	0.0672233
-16.78	0.0671055
-16.77	0.0669875
-16.76	0.0668693
-16.75	0.0667509
-16.74	0.0666323
-16.73	0.0665135
-16.72	0.0663945
-16.71	0.0662753
-16.7	0.0661559
-16.69	0.0660363
-16.68	0.0659164
-16.67	0.0657964
-16.66	0.0656762
-16.65	0.0655557
-16.64	0.065435
-16.63	0.0653141
-16.62	0.065193
-16.61	0.0650717
-16.6	0.0649502
-16.59	0.0648284
-16.58	0.0647065
-16.57	0.0645843
-16.56	0.0644619
-16.55	0.0643393
-16.54	0.0642164
-16.53	0.0640933
-16.52	0.06397
-16.51	0.0638465
-16.5	0.0637227
-16.49	0.0635988
-16.48	0.0634745
-16.47	0.0633501
-16.46	0.0632254
-16.45	0.0631005
-16.44	0.0629754
-16.43	0.06285
-16.42	0.0627243
-16.41	0.0625985
-16.4	0.0624724
-16.39	0.062346
-16.38	0.0622194
-16.37	0.0620926
-16.36	0.0619655
-16.35	0.0618382
-16.34	0.0617106
-16.33	0.0615828
-16.32	0.0614547
-16.31	0.0613264
-16.3	0.0611978
-16.29	0.061069
-16.28	0.0609399
-16.27	0.0608105
-16.26	0.0606809
-16.25	0.060551
-16.24	0.0604209
-16.23	0.0602905
-16.22	0.0601598
-16.21	0.0600289
-16.2	0.0598977
-16.19	0.0597662
-16.18	0.0596345
-16.17	0.0595024
-16.16	0.0593701
-16.15	0.0592376
-16.14	0.0591047
-16.13	0.0589716
-16.12	0.0588381
-16.11	0.0587044
-16.1	0.0585704
-16.09	0.0584362
-16.08	0.0583016
-16.07	0.0581667
-16.06	0.0580316
-16.05	0.0578961
-16.04	0.0577604
-16.03	0.0576243
-16.02	0.057488
-16.01	0.0573514
-16	0.0572144
-15.99	0.0570772
-15.98	0.0569396
-15.97	0.0568017
-15.96	0.0566635
-15.95	0.056525
-15.94	0.0563862
-15.93	0.0562471
-15.92	0.0561076
-15.91	0.0559678
-15.9	0.0558277
-15.89	0.0556873
-15.88	0.0555466
-15.87	0.0554055
-15.86	0.0552641
-15.85	0.0551223
-15.84	0.0549802
-15.83	0.0548378
-15.82	0.054695
-15.81	0.0545519
-15.8	0.0544084
-15.79	0.0542646
-15.78	0.0541204
-15.77	0.0539759
-15.76	0.053831
-15.75	0.0536858
-15.74	0.0535402
-15.73	0.0533942
-15.72	0.0532479
-15.71	0.0531012
-15.7	0.0529541
-15.69	0.0528067
-15.68	0.0526588
-15.67	0.0525106
-15.66	0.052362
-15.65	0.0522131
-15.64	0.0520637
-15.63	0.0519139
-15.62	0.0517638
-15.61	0.0516133
-15.6	0.0514623
-15.59	0.051311
-15.58	0.0511592
-15.57	0.0510071
-15.56	0.0508545
-15.55	0.0507015
-15.54	0.0505481
-15.53	0.0503942
-15.52	0.05024
-15.51	0.0500853
-15.5	0.0499302
-15.49	0.0497746
-15.48	0.0496187
-15.47	0.0494622
-15.46	0.0493054
-15.45	0.049148
-15.44	0.0489903
-15.43	0.048832
-15.42	0.0486733
-15.41	0.0485142
-15.4	0.0483546
-15.39	0.0481945
-15.38	0.0480339
-15.37	0.0478729
-15.36	0.0477113
-15.35	0.0475493
-15.34	0.0473868
-15.33	0.0472238
-15.32	0.0470603
-15.31	0.0468963
-15.3	0.0467318
-15.29	0.0465668
-15.28	0.0464013
-15.27	0.0462352
-15.26	0.0460686
-15.25	0.0459015
-15.24	0.0457339
-15.23	0.0455657
-15.22	0.0453969
-15.21	0.0452277
-15.2	0.0450578
-15.19	0.0448874
-15.18	0.0447165
-15.17	0.044545
-15.16	0.0443729
-15.15	0.0442002
-15.14	0.0440269
-15.13	0.0438531
-15.12	0.0436786
-15.11	0.0435036
-15.1	0.0433279
-15.09	0.0431517
-15.08	0.0429748
-15.07	0.0427973
-15.06	0.0426191
-15.05	0.0424404
-15.04	0.0422609
-15.03	0.0420809
-15.02	0.0419002
-15.01	0.0417188
-15	0.0415367
-14.99	0.041354
-14.98	0.0411706
-14.97	0.0409865
-14.96	0.0408017
-14.95	0.0406162
-14.94	0.04043
-14.93	0.0402431
-14.92	0.0400555
-14.91	0.0398671
-14.9	0.039678
-14.89	0.0394882
-14.88	0.0392975
-14.87	0.0391062
-14.86	0.038914
-14.85	0.0387211
-14.84	0.0385274
-14.83	0.0383329
-14.82	0.0381376
-14.81	0.0379414
-14.8	0.0377445
-14.79	0.0375467
-14.78	0.0373481
-14.77	0.0371486
-14.76	0.0369482
-14.75	0.036747
-14.74	0.0365449
-14.73	0.036342
-14.72	0.0361381
-14.71	0.0359333
-14.7	0.0357276
-14.69	0.0355209
-14.68	0.0353133
-14.67	0.0351048
-14.66	0.0348953
-14.65	0.0346848
-14.64	0.0344733
-14.63	0.0342608
-14.62	0.0340473
-14.61	0.0338328
-14.6	0.0336172
-14.59	0.0334006
-14.58	0.0331829
-14.57	0.0329641
-14.56	0.0327442
-14.55	0.0325232
-14.54	0.0323011
-14.53	0.0320779
-14.52	0.0318535
-14.51	0.0316279
-14.5	0.0314012
-14.49	0.0311732
-14.48	0.030944
-14.47	0.0307136
-14.46	0.030482
-14.45	0.0302491
-14.44	0.0300149
-14.43	0.0297794
-14.42	0.0295425
-14.41	0.0293044
-14.4	0.0290648
-14.39	0.0288239
-14.38	0.0285816
-14.37	0.0283379
-14.36	0.0280927
-14.35	0.0278461
-14.34	0.027598
-14.33	0.0273483
-14.32	0.0270972
-14.31	0.0268445
-14.3	0.0265902
-14.29	0.0263343
-14.28	0.0260768
-14.27	0.0258176
-14.26	0.0255568
-14.25	0.0252942
-14.24	0.0250299
-14.23	0.0247639
-14.22	0.0244961
-14.21	0.0242264
-14.2	0.0239549
-14.19	0.0236815
-14.18	0.0234062
-14.17	0.023129
-14.16	0.0228498
-14.15	0.0225686
-14.14	0.0222853
-14.13	0.0219999
-14.12	0.0217124
-14.11	0.0214228
-14.1	0.0211309
-14.09	0.0208369
-14.08	0.0205405
-14.07	0.0202418
-14.06	0.0199408
-14.05	0.0196373
-14.04	0.0193314
-14.03	0.019023
-14.02	0.018712
-14.01	0.0183985
-14	0.0180822
-13.99	0.0177633
-13.98	0.0174416
-13.97	0.0171171
-13.96	0.0167898
-13.95	0.0164595
-13.94	0.0161262
-13.93	0.0157899
-13.92	0.0154504
-13.91	0.0151078
-13.9	0.0147619
-13.89	0.0144126
-13.88	0.01406
-13.87	0.0137039
-13.86	0.0133443
-13.85	0.012981
-13.84	0.012614
-13.83	0.0122432
-13.82	0.0118685
-13.81	0.0114898
-13.8	0.0111071
-13.79	0.0107202
-13.78	0.010329
-13.77	0.00993342
-13.76	0.00953337
-13.75	0.0091287
-13.74	0.00871933
-13.73	0.00830511
-13.72	0.00788593
-13.71	0.00746166
-13.7	0.00703215
-13.69	0.00659728
-13.68	0.0061569
-13.67	0.00571085
-13.66	0.00525898
-13.65	0.00480113
-13.64	0.00433713
-13.63	0.0038668
-13.62	0.00338995
-13.61	0.0029064
-13.6	0.00241595
-13.59	0.00191839
-13.58	0.00141351
-13.57	0.000901074
-13.56	0.000380853
-13.55	-0.000147398
-13.54	-0.000683938
-13.53	-0.00122903
-13.52	-0.00178296
-13.51	-0.00234602
-13.5	-0.00291852
-13.49	-0.00350077
-13.48	-0.00409312
-13.47	-0.00469592
-13.46	-0.00530953
-13.45	-0.00593435
-13.44	-0.00657079
-13.43	-0.00721928
-13.42	-0.00788026
-13.41	-0.00855422
-13.4	-0.00924165
-13.39	-0.00994309
-13.38	-0.0106591
-13.37	-0.0113902
-13.36	-0.0121372
-13.35	-0.0129005
-13.34	-0.013681
-13.33	-0.0144793
-13.32	-0.0152963
-13.31	-0.0161327
-13.3	-0.0169895
-13.29	-0.0178676
-13.28	-0.0187679
-13.27	-0.0196916
-13.26	-0.0206398
-13.25	-0.0216136
-13.24	-0.0226144
-13.23	-0.0236435
-13.22	-0.0247024
-13.21	-0.0257927
-13.2	-0.0269161
-13.19	-0.0280744
-13.18	-0.0292696
-13.17	-0.0305037
-13.16	-0.0317791
-13.15	-0.0330983
-13.14	-0.0344638
-13.13	-0.0358787
-13.12	-0.037346
-13.11	-0.0388692
-13.1	-0.040452
-13.09	-0.0420986
-13.08	-0.0438133
-13.07	-0.045601
-13.06	-0.0474672
-13.05	-0.0494178
-13.04	-0.0514593
-13.03	-0.053599
-13.02	-0.055845
-13.01	-0.0582062
-13	-0.0606927
-12.99	-0.0633157
-12.98	-0.0660878
-12.97	-0.0690233
-12.96	-0.0721382
-12.95	-0.075451
-12.94	-0.0789825
-12.93	-0.0827568
-12.92	-0.0868016
-12.91	-0.091149
-12.9	-0.0958362
-12.89	-0.100907
-12.88	-0.106414
-12.87	-0.112417
-12.86	-0.118991
-12.85	-0.126224
-12.84	-0.134226
-12.83	-0.14313
-12.82	-0.153102
-12.81	-0.164354
-12.8	-0.177157
-12.79	-0.191861
-12.78	-0.208935
-12.77	-0.229015
-12.76	-0.252983
-12.75	-0.28211
-12.74	-0.318283
-12.73	-0.364444
-12.72	-0.425431
-12.71	-0.509812
-12.7	-0.634336
-12.69	-0.836753
-12.68	-1.22375
-12.67	-2.26059
-12.66	-14.1984
-12.65	3.34555
-12.64	1.50171
-12.63	0.970087
-12.62	0.717385
-12.61	0.569635
-12.6	0.472642
-12.59	0.404045
-12.58	0.352935
-12.57	0.313357
-12.56	0.281783
-12.55	0.255992
-12.54	0.234513
-12.53	0.216337
-12.52	0.200745
-12.51	0.187214
-12.5	0.175352
-12.49	0.16486
-12.48	0.155508
-12.47	0.147113
-12.46	0.13953
-12.45	0.132641
-12.44	0.126351
-12.43	0.12058
-12.42	0.115263
-12.41	0.110345
-12.4	0.105778
-12.39	0.101523
-12.38	0.0975465
-12.37	0.0938185
-12.36	0.090314
-12.35	0.0870108
-12.34	0.0838895
-12.33	0.0809333
-12.32	0.0781272
-12.31	0.0754579
-12.3	0.0729135
-12.29	0.0704837
-12.28	0.0681591
-12.27	0.065931
-12.26	0.0637921
-12.25	0.0617353
-12.24	0.0597545
-12.23	0.0578441
-12.22	0.0559988
-12.21	0.054214
-12.2	0.0524855
-12.19	0.0508092
-12.18	0.0491816
-12.17	0.0475993
-12.16	0.0460594
-12.15	0.0445589
-12.14	0.0430952
-12.13	0.0416659
-12.12	0.0402687
-12.11	0.0389016
-12.1	0.0375625
-12.09	0.0362496
-12.08	0.0349612
-12.07	0.0336957
-12.06	0.0324515
-12.05	0.0312272
-12.04	0.0300216
-12.03	0.0288331
-12.02	0.0276608
-12.01	0.0265034
-12	0.0253599
-11.99	0.0242291
-11.98	0.0231102
-11.97	0.0220021
-11.96	0.020904
-11.95	0.0198149
-11.94	0.0187341
-11.93	0.0176608
-11.92	0.0165941
-11.91	0.0155333
-11.9	0.0144776
-11.89	0.0134264
-11.88	0.012379
-11.87	0.0113346
-11.86	0.0102926
-11.85	0.00925236
-11.84	0.00821323
-11.83	0.00717456
-11.82	0.00613574
-11.81	0.00509613
-11.8	0.00405511
-11.79	0.00301207
-11.78	0.00196639
-11.77	0.000917445
-11.76	-0.000135377
-11.75	-0.0011927
-11.74	-0.00225517
-11.73	-0.0033234
-11.72	-0.00439805
-11.71	-0.00547976
-11.7	-0.00656922
-11.69	-0.0076671
-11.68	-0.00877408
-11.67	-0.00989089
-11.66	-0.0110183
-11.65	-0.0121569
-11.64	-0.0133077
-11.63	-0.0144713
-11.62	-0.0156487
-11.61	-0.0168406
-11.6	-0.018048
-11.59	-0.0192717
-11.58	-0.0205128
-11.57	-0.0217723
-11.56	-0.0230512
-11.55	-0.0243505
-11.54	-0.0256716
-11.53	-0.0270155
-11.52	-0.0283835
-11.51	-0.029777
-11.5	-0.0311974
-11.49	-0.0326462
-11.48	-0.0341249
-11.47	-0.0356353
-11.46	-0.0371791
-11.45	-0.0387582
-11.44	-0.0403745
-11.43	-0.0420303
-11.42	-0.0437278
-11.41	-0.0454694
-11.4	-0.0472578
-11.39	-0.0490956
-11.38	-0.050986
-11.37	-0.0529321
-11.36	-0.0549373
-11.35	-0.0570055
-11.34	-0.0591406
-11.33	-0.061347
-11.32	-0.0636295
-11.31	-0.0659932
-11.3	-0.0684436
-11.29	-0.0709868
-11.28	-0.0736296
-11.27	-0.0763793
-11.26	-0.0792437
-11.25	-0.0822318
-11.24	-0.0853532
-11.23	-0.0886187
-11.22	-0.0920401
-11.21	-0.0956308
-11.2	-0.0994054
-11.19	-0.103381
-11.18	-0.107575
-11.17	-0.112008
-11.16	-0.116706
-11.15	-0.121693
-11.14	-0.127001
-11.13	-0.132664
-11.12	-0.138723
-11.11	-0.145223
-11.1	-0.152219
-11.09	-0.159774
-11.08	-0.167961
-11.07	-0.176868
-11.06	-0.186601
-11.05	-0.197284
-11.04	-0.209071
-11.03	-0.22215
-11.02	-0.236753
-11.01	-0.253173
-11	-0.271781
-10.99	-0.293059
-10.98	-0.31764
-10.97	-0.346374
-10.96	-0.380433
-10.95	-0.42147
-10.94	-0.471909
-10.93	-0.535435
-10.92	-0.617957
-10.91	-0.729567
-10.9	-0.889041
-10.89	-1.13576
-10.88	-1.56859
-10.87	-2.5266
-10.86	-6.44559
-10.85	11.8254
-10.84	3.09138
-10.83	1.78015
-10.82	1.25076
-10.81	0.964398
-10.8	0.784869
-10.79	0.661725
-10.78	0.571961
-10.77	0.503589
-10.76	0.449746
-10.75	0.406222
-10.74	0.37029
-10.73	0.340106
-10.72	0.314378
-10.71	0.292174
-10.7	0.272805
-10.69	0.255751
-10.68	0.240612
-10.67	0.227073
-10.66	0.214887
-10.65	0.203853
-10.64	0.19381
-10.63	0.184625
-10.62	0.176186
-10.61	0.168401
-10.6	0.161194
-10.59	0.154497
-10.58	0.148254
-10.57	0.142418
-10.56	0.136946
-10.55	0.131802
-10.54	0.126954
-10.53	0.122375
-10.52	0.118039
-10.51	0.113926
-10.5	0.110017
-10.49	0.106294
-10.48	0.102741
-10.47	0.099346
-10.46	0.0960959
-10.45	0.0929796
-10.44	0.0899873
-10.43	0.0871098
-10.42	0.0843389
-10.41	0.0816671
-10.4	0.0790874
-10.39	0.0765937
-10.38	0.0741801
-10.37	0.0718415
-10.36	0.0695728
-10.35	0.0673697
-10.34	0.0652279
-10.33	0.0631438
-10.32	0.0611135
-10.31	0.059134
-10.3	0.057202
-10.29	0.0553148
-10.28	0.0534696
-10.27	0.051664
-10.26	0.0498955
-10.25	0.048162
-10.24	0.0464615
-10.23	0.0447919
-10.22	0.0431515
-10.21	0.0415384
-10.2	0.0399511
-10.19	0.0383881
-10.18	0.0368478
-10.17	0.0353289
-10.16	0.03383
-10.15	0.0323498
-10.14	0.0308872
-10.13	0.029441
-10.12	0.0280102
-10.11	0.0265935
-10.1	0.0251901
-10.09	0.023799
-10.08	0.0224192
-10.07	0.0210497
-10.06	0.0196898
-10.05	0.0183386
-10.04	0.0169952
-10.03	0.0156588
-10.02	0.0143287
-10.01	0.0130041
-10	0.0116843
-9.99	0.0103684
-9.98	0.00905584
-9.97	0.00774586
-9.96	0.00643777
-9.95	0.00513088
-9.94	0.0038245
-9.93	0.00251795
-9.92	0.00121057
-9.91	-9.83193e-05
-9.9	-0.00140939
-9.89	-0.0027233
-9.88	-0.00404074
-9.87	-0.00536236
-9.86	-0.00668886
-9.85	-0.00802092
-9.84	-0.00935922
-9.83	-0.0107045
-9.82	-0.0120574
-9.81	-0.0134187
-9.8	-0.0147891
-9.79	-0.0161694
-9.78	-0.0175603
-9.77	-0.0189626
-9.76	-0.0203771
-9.75	-0.0218047
-9.74	-0.0232462
-9.73	-0.0247024
-9.72	-0.0261744
-9.71	-0.0276629
-9.7	-0.029169
-9.69	-0.0306938
-9.68	-0.0322381
-9.67	-0.0338031
-9.66	-0.03539
-9.65	-0.0369999
-9.64	-0.038634
-9.63	-0.0402936
-9.62	-0.0419801
-9.61	-0.0436948
-9.6	-0.0454393
-9.59	-0.0472151
-9.58	-0.0490239
-9.57	-0.0508672
-9.56	-0.0527471
-9.55	-0.0546653
-9.54	-0.0566238
-9.53	-0.058625
-9.52	-0.0606709
-9.51	-0.0627641
-9.5	-0.064907
-9.49	-0.0671024
-9.48	-0.0693532
-9.47	-0.0716625
-9.46	-0.0740336
-9.45	-0.07647
-9.44	-0.0789755
-9.43	-0.0815542
-9.42	-0.0842103
-9.41	-0.0869487
-9.4	-0.0897744
-9.39	-0.0926928
-9.38	-0.0957097
-9.37	-0.0988317
-9.36	-0.102066
-9.35	-0.105419
-9.34	-0.1089
-9.33	-0.112517
-9.32	-0.116281
-9.31	-0.120201
-9.3	-0.12429
-9.29	-0.128561
-9.28	-0.133027
-9.27	-0.137705
-9.26	-0.142612
-9.25	-0.147768
-9.24	-0.153193
-9.23	-0.158912
-9.22	-0.164952
-9.21	-0.171344
-9.2	-0.178122
-9.19	-0.185325
-9.18	-0.192998
-9.17	-0.201191
-9.16	-0.209964
-9.15	-0.219384
-9.14	-0.229529
-9.13	-0.240492
-9.12	-0.25238
-9.11	-0.265322
-9.1	-0.279469
-9.09	-0.295006
-9.08	-0.312155
-9.07	-0.331189
-9.06	-0.352447
-9.05	-0.376353
-9.04	-0.403445
-9.03	-0.434422
-9.02	-0.470199
-9.01	-0.512004
-9	-0.561524
-8.99	-0.621138
-8.98	-0.694319
-8.97	-0.786335
-8.96	-0.90559
-8.95	-1.06636
-8.94	-1.29501
-8.93	-1.64622
-8.92	-2.25497
-8.91	-3.56943
-8.9	-8.51381
-8.89	22.3665
-8.88	4.84465
-8.87	2.71942
-8.86	1.89137
-8.85	1.45042
-8.84	1.17645
-8.83	0.989641
-8.82	0.854062
-8.81	0.751139
-8.8	0.67031
-8.79	0.605125
-8.78	0.551422
-8.77	0.506394
-8.76	0.468082
-8.75	0.435072
-8.74	0.406325
-8.73	0.381054
-8.72	0.358655
-8.71	0.338656
-8.7	0.320685
-8.69	0.30444
-8.68	0.289678
-8.67	0.276199
-8.66	0.263837
-8.65	0.252455
-8.64	0.241936
-8.63	0.232181
-8.62	0.223106
-8.61	0.214638
-8.6	0.206715
-8.59	0.199284
-8.58	0.192296
-8.57	0.18571
-8.56	0.179491
-8.55	0.173604
-8.54	0.168023
-8.53	0.162722
-8.52	0.157677
-8.51	0.152869
-8.5	0.14828
-8.49	0.143892
-8.48	0.139691
-8.47	0.135664
-8.46	0.131799
-8.45	0.128083
-8.44	0.124508
-8.43	0.121064
-8.42	0.117742
-8.41	0.114534
-8.4	0.111434
-8.39	0.108435
-8.38	0.105531
-8.37	0.102715
-8.36	0.099984
-8.35	0.0973316
-8.34	0.0947537
-8.33	0.0922463
-8.32	0.0898053
-8.31	0.0874273
-8.3	0.0851087
-8.29	0.0828465
-8.28	0.0806377
-8.27	0.0784794
-8.26	0.0763692
-8.25	0.0743045
-8.24	0.0722831
-8.23	0.0703027
-8.22	0.0683613
-8.21	0.0664571
-8.2	0.0645881
-8.19	0.0627526
-8.18	0.0609491
-8.17	0.0591759
-8.16	0.0574316
-8.15	0.0557147
-8.14	0.0540241
-8.13	0.0523583
-8.12	0.0507162
-8.11	0.0490966
-8.1	0.0474984
-8.09	0.0459207
-8.08	0.0443623
-8.07	0.0428223
-8.06	0.0412998
-8.05	0.039794
-8.04	0.0383039
-8.03	0.0368287
-8.02	0.0353677
-8.01	0.03392
-8	0.0324851
-7.99	0.031062
-7.98	0.0296503
-7.97	0.0282491
-7.96	0.026858
-7.95	0.0254761
-7.94	0.024103
-7.93	0.022738
-7.92	0.0213806
-7.91	0.0200303
-7.9	0.0186863
-7.89	0.0173484
-7.88	0.0160158
-7.87	0.0146882
-7.86	0.0133649
-7.85	0.0120456
-7.84	0.0107297
-7.83	0.00941672
-7.82	0.00810625
-7.81	0.00679779
-7.8	0.00549089
-7.79	0.00418509
-7.78	0.00287994
-7.77	0.001575
-7.76	0.000269822
-7.75	-0.00103604
-7.74	-0.00234303
-7.73	-0.00365158
-7.72	-0.00496213
-7.71	-0.00627513
-7.7	-0.00759102
-7.69	-0.00891025
-7.68	-0.0102332
-7.67	-0.0115605
-7.66	-0.0128924
-7.65	-0.0142294
-7.64	-0.0155721
-7.63	-0.0169208
-7.62	-0.018276
-7.61	-0.0196382
-7.6	-0.021008
-7.59	-0.0223858
-7.58	-0.023772
-7.57	-0.0251673
-7.56	-0.0265721
-7.55	-0.0279869
-7.54	-0.0294124
-7.53	-0.030849
-7.52	-0.0322974
-7.51	-0.0337582
-7.5	-0.0352318
-7.49	-0.0367191
-7.48	-0.0382205
-7.47	-0.0397368
-7.46	-0.0412685
-7.45	-0.0428166
-7.44	-0.0443815
-7.43	-0.0459642
-7.42	-0.0475653
-7.41	-0.0491856
-7.4	-0.050826
-7.39	-0.0524874
-7.38	-0.0541706
-7.37	-0.0558765
-7.36	-0.0576062
-7.35	-0.0593605
-7.34	-0.0611406
-7.33	-0.0629476
-7.32	-0.0647824
-7.31	-0.0666465
-7.3	-0.0685408
-7.29	-0.0704669
-7.28	-0.0724259
-7.27	-0.0744194
-7.26	-0.0764488
-7.25	-0.0785156
-7.24	-0.0806215
-7.23	-0.0827682
-7.22	-0.0849575
-7.21	-0.0871913
-7.2	-0.0894715
-7.19	-0.0918004
-7.18	-0.0941801
-7.17	-0.0966129
-7.16	-0.0991013
-7.15	-0.101648
-7.14	-0.104256
-7.13	-0.106927
-7.12	-0.109666
-7.11	-0.112476
-7.1	-0.115359
-7.09	-0.11832
-7.08	-0.121362
-7.07	-0.124491
-7.06	-0.12771
-7.05	-0.131025
-7.04	-0.13444
-7.03	-0.137962
-7.02	-0.141596
-7.01	-0.145348
-7	-0.149227
-6.99	-0.153238
-6.98	-0.157391
-6.97	-0.161694
-6.96	-0.166156
-6.95	-0.170789
-6.94	-0.175602
-6.93	-0.180608
-6.92	-0.185821
-6.91	-0.191255
-6.9	-0.196925
-6.89	-0.20285
-6.88	-0.209047
-6.87	-0.21554
-6.86	-0.22235
-6.85	-0.229503
-6.84	-0.237029
-6.83	-0.244959
-6.82	-0.253329
-6.81	-0.262179
-6.8	-0.271554
-6.79	-0.281505
-6.78	-0.29209
-6.77	-0.303373
-6.76	-0.315431
-6.75	-0.328348
-6.74	-0.342225
-6.73	-0.357176
-6.72	-0.373335
-6.71	-0.39086
-6.7	-0.409937
-6.69	-0.430787
-6.68	-0.453677
-6.67	-0.478927
-6.66	-0.506931
-6.65	-0.538173
-6.64	-0.57326
-6.63	-0.612959
-6.62	-0.658258
-6.61	-0.710444
-6.6	-0.771235
-6.59	-0.842973
-6.58	-0.928932
-6.57	-1.03384
-6.56	-1.16476
-6.55	-1.33282
-6.54	-1.55649
-6.53	-1.86892
-6.52	-2.33623
-6.51	-3.11175
-6.5	-4.65112
-6.49	-9.1803
-6.48	-321.105
-6.47	9.75879
-6.46	4.81098
-6.45	3.19414
-6.44	2.3915
-6.43	1.91165
-6.42	1.5924
-6.41	1.36462
-6.4	1.19389
-6.39	1.06113
-6.38	0.954913
-6.37	0.867982
-6.36	0.795503
-6.35	0.734134
-6.34	0.681488
-6.33	0.635817
-6.32	0.595811
-6.31	0.560468
-6.3	0.52901
-6.29	0.500822
-6.28	0.475413
-6.27	0.452386
-6.26	0.431414
-6.25	0.41223
-6.24	0.394609
-6.23	0.378364
-6.22	0.363335
-6.21	0.349388
-6.2	0.336406
-6.19	0.324288
-6.18	0.312949
-6.17	0.302313
-6.16	0.292314
-6.15	0.282893
-6.14	0.274
-6.13	0.265589
-6.12	0.25762
-6.11	0.250057
-6.1	0.242867
-6.09	0.236023
-6.08	0.229497
-6.07	0.223266
-6.06	0.21731
-6.05	0.211608
-6.04	0.206144
-6.03	0.200902
-6.02	0.195866
-6.01	0.191024
-6	0.186364
-5.99	0.181873
-5.98	0.177543
-5.97	0.173362
-5.96	0.169324
-5.95	0.165418
-5.94	0.161639
-5.93	0.157978
-5.92	0.15443
-5.91	0.150988
-5.9	0.147647
-5.89	0.144402
-5.88	0.141247
-5.87	0.138179
-5.86	0.135192
-5.85	0.132283
-5.84	0.129448
-5.83	0.126683
-5.82	0.123986
-5.81	0.121352
-5.8	0.11878
-5.79	0.116266
-5.78	0.113808
-5.77	0.111403
-5.76	0.109049
-5.75	0.106744
-5.74	0.104485
-5.73	0.102271
-5.72	0.1001
-5.71	0.0979693
-5.7	0.0958781
-5.69	0.0938246
-5.68	0.0918071
-5.67	0.0898243
-5.66	0.0878747
-5.65	0.0859571
-5.64	0.08407
-5.63	0.0822124
-5.62	0.0803831
-5.61	0.0785809
-5.6	0.0768049
-5.59	0.0750539
-5.58	0.073327
-5.57	0.0716233
-5.56	0.0699419
-5.55	0.0682819
-5.54	0.0666426
-5.53	0.065023
-5.52	0.0634225
-5.51	0.0618403
-5.5	0.0602757
-5.49	0.0587281
-5.48	0.0571967
-5.47	0.0556809
-5.46	0.0541802
-5.45	0.0526939
-5.44	0.0512214
-5.43	0.0497623
-5.42	0.0483159
-5.41	0.0468818
-5.4	0.0454594
-5.39	0.0440482
-5.38	0.0426479
-5.37	0.0412578
-5.36	0.0398776
-5.35	0.0385069
-5.34	0.0371452
-5.33	0.035792
-5.32	0.0344471
-5.31	0.0331099
-5.3	0.0317802
-5.29	0.0304575
-5.28	0.0291415
-5.27	0.0278318
-5.26	0.026528
-5.25	0.0252299
-5.24	0.0239371
-5.23	0.0226492
-5.22	0.0213659
-5.21	0.0200869
-5.2	0.0188119
-5.19	0.0175406
-5.18	0.0162727
-5.17	0.0150078
-5.16	0.0137458
-5.15	0.0124862
-5.14	0.0112287
-5.13	0.00997321
-5.12	0.00871931
-5.11	0.00746673
-5.1	0.00621521
-5.09	0.00496446
-5.08	0.00371421
-5.07	0.00246418
-5.06	0.00121409
-5.05	-3.63223e-05
-5.04	-0.00128734
-5.03	-0.00253922
-5.02	-0.00379225
-5.01	-0.0050467
-5	-0.00630284
-4.99	-0.00756094
-4.98	-0.00882128
-4.97	-0.0100841
-4.96	-0.0113498
-4.95	-0.0126185
-4.94	-0.0138905
-4.93	-0.0151662
-4.92	-0.0164458
-4.91	-0.0177295
-4.9	-0.0190178
-4.89	-0.0203108
-4.88	-0.0216089
-4.87	-0.0229124
-4.86	-0.0242215
-4.85	-0.0255366
-4.84	-0.0268581
-4.83	-0.0281861
-4.82	-0.029521
-4.81	-0.0308632
-4.8	-0.032213
-4.79	-0.0335706
-4.78	-0.0349366
-4.77	-0.0363111
-4.76	-0.0376947
-4.75	-0.0390875
-4.74	-0.0404901
-4.73	-0.0419028
-4.72	-0.0433259
-4.71	-0.04476
-4.7	-0.0462053
-4.69	-0.0476623
-4.68	-0.0491315
-4.67	-0.0506132
-4.66	-0.0521079
-4.65	-0.0536162
-4.64	-0.0551384
-4.63	-0.0566751
-4.62	-0.0582268
-4.61	-0.0597939
-4.6	-0.0613771
-4.59	-0.0629768
-4.58	-0.0645937
-4.57	-0.0662283
-4.56	-0.0678813
-4.55	-0.0695532
-4.54	-0.0712447
-4.53	-0.0729565
-4.52	-0.0746893
-4.51	-0.0764438
-4.5	-0.0782207
-4.49	-0.0800209
-4.48	-0.081845
-4.47	-0.083694
-4.46	-0.0855686
-4.45	-0.0874699
-4.44	-0.0893986
-4.43	-0.0913559
-4.42	-0.0933426
-4.41	-0.0953598
-4.4	-0.0974087
-4.39	-0.0994903
-4.38	-0.101606
-4.37	-0.103756
-4.36	-0.105944
-4.35	-0.108168
-4.34	-0.110432
-4.33	-0.112737
-4.32	-0.115084
-4.31	-0.117475
-4.3	-0.119911
-4.29	-0.122394
-4.28	-0.124927
-4.27	-0.12751
-4.26	-0.130146
-4.25	-0.132838
-4.24	-0.135587
-4.23	-0.138396
-4.22	-0.141267
-4.21	-0.144203
-4.2	-0.147207
-4.19	-0.150282
-4.18	-0.15343
-4.17	-0.156655
-4.16	-0.15996
-4.15	-0.16335
-4.14	-0.166827
-4.13	-0.170397
-4.12	-0.174063
-4.11	-0.17783
-4.1	-0.181704
-4.09	-0.185688
-4.08	-0.189789
-4.07	-0.194014
-4.06	-0.198367
-4.05	-0.202857
-4.04	-0.20749
-4.03	-0.212274
-4.02	-0.217218
-4.01	-0.222331
-4	-0.227623
-3.99	-0.233103
-3.98	-0.238784
-3.97	-0.244677
-3.96	-0.250797
-3.95	-0.257156
-3.94	-0.263772
-3.93	-0.27066
-3.92	-0.27784
-3.91	-0.285332
-3.9	-0.293158
-3.89	-0.301342
-3.88	-0.309911
-3.87	-0.318895
-3.86	-0.328326
-3.85	-0.33824
-3.84	-0.348677
-3.83	-0.359682
-3.82	-0.371305
-3.81	-0.383601
-3.8	-0.396632
-3.79	-0.410471
-3.78	-0.425196
-3.77	-0.440898
-3.76	-0.457682
-3.75	-0.475666
-3.74	-0.494987
-3.73	-0.515805
-3.72	-0.538305
-3.71	-0.562702
-3.7	-0.589254
-3.69	-0.618264
-3.68	-0.650097
-3.67	-0.685191
-3.66	-0.724082
-3.65	-0.767431
-3.64	-0.81606
-3.63	-0.871007
-3.62	-0.9336
-3.61	-1.00557
-3.6	-1.08921
-3.59	-1.18763
-3.58	-1.30514
-3.57	-1.44794
-3.56	-1.62521
-3.55	-1.85118
-3.54	-2.14917
-3.53	-2.56026
-3.52	-3.16402
-3.51	-4.13764
-3.5	-5.97145
-3.49	-10.7092
-3.48	-51.5122
-3.47	18.3671
-3.46	7.79968
-3.45	4.95303
-3.44	3.62954
-3.43	2.86462
-3.42	2.3662
-3.41	2.01562
-3.4	1.75555
-3.39	1.55492
-3.38	1.3954
-3.37	1.26552
-3.36	1.1577
-3.35	1.06675
-3.34	0.988971
-3.33	0.921692
-3.32	0.862909
-3.31	0.8111
-3.3	0.765084
-3.29	0.723934
-3.28	0.686911
-3.27	0.653417
-3.26	0.622964
-3.25	0.595153
-3.24	0.569648
-3.23	0.54617
-3.22	0.524483
-3.21	0.504386
-3.2	0.485706
-3.19	0.468296
-3.18	0.452027
-3.17	0.436787
-3.16	0.422481
-3.15	0.409021
-3.14	0.396333
-3.13	0.38435
-3.12	0.373012
-3.11	0.362267
-3.1	0.352068
-3.09	0.342372
-3.08	0.333141
-3.07	0.324341
-3.06	0.315941
-3.05	0.307912
-3.04	0.30023
-3.03	0.29287
-3.02	0.285812
-3.01	0.279036
-3	0.272524
-2.99	0.26626
-2.98	0.260229
-2.97	0.254418
-2.96	0.248812
-2.95	0.243401
-2.94	0.238174
-2.93	0.23312
-2.92	0.22823
-2.91	0.223495
-2.9	0.218908
-2.89	0.21446
-2.88	0.210144
-2.87	0.205954
-2.86	0.201884
-2.85	0.197927
-2.84	0.194079
-2.83	0.190334
-2.82	0.186688
-2.81	0.183136
-2.8	0.179673
-2.79	0.176296
-2.78	0.173001
-2.77	0.169785
-2.76	0.166643
-2.75	0.163574
-2.74	0.160573
-2.73	0.157639
-2.72	0.154767
-2.71	0.151957
-2.7	0.149204
-2.69	0.146508
-2.68	0.143866
-2.67	0.141275
-2.66	0.138734
-2.65	0.136241
-2.64	0.133794
-2.63	0.131391
-2.62	0.129032
-2.61	0.126713
-2.6	0.124434
-2.59	0.122193
-2.58	0.119989
-2.57	0.11782
-2.56	0.115686
-2.55	0.113585
-2.54	0.111516
-2.53	0.109477
-2.52	0.107469
-2.51	0.105489
-2.5	0.103537
-2.49	0.101612
-2.48	0.0997126
-2.47	0.0978385
-2.46	0.0959885
-2.45	0.094162
-2.44	0.0923581
-2.43	0.0905761
-2.42	0.0888154
-2.41	0.087075
-2.4	0.0853545
-2.39	0.0836532
-2.38	0.0819704
-2.37	0.0803055
-2.36	0.0786579
-2.35	0.0770271
-2.34	0.0754125
-2.33	0.0738136
-2.32	0.0722299
-2.31	0.0706608
-2.3	0.0691059
-2.29	0.0675648
-2.28	0.0660368
-2.27	0.0645217
-2.26	0.0630189
-2.25	0.0615281
-2.24	0.0600489
-2.23	0.0585808
-2.22	0.0571234
-2.21	0.0556765
-2.2	0.0542395
-2.19	0.0528122
-2.18	0.0513942
-2.17	0.0499851
-2.16	0.0485847
-2.15	0.0471926
-2.14	0.0458085
-2.13	0.044432
-2.12	0.0430629
-2.11	0.0417009
-2.1	0.0403456
-2.09	0.0389968
-2.08	0.0376542
-2.07	0.0363175
-2.06	0.0349865
-2.05	0.0336609
-2.04	0.0323404
-2.03	0.0310247
-2.02	0.0297137
-2.01	0.028407
-2	0.0271044
-1.99	0.0258057
-1.98	0.0245106
-1.97	0.0232189
-1.96	0.0219303
-1.95	0.0206447
-1.94	0.0193618
-1.93	0.0180813
-1.92	0.0168031
-1.91	0.0155268
-1.9	0.0142524
-1.89	0.0129796
-1.88	0.0117081
-1.87	0.0104377
-1.86	0.0091683
-1.85	0.00789958
-1.84	0.00663136
-1.83	0.00536341
-1.82	0.00409554
-1.81	0.00282753
-1.8	0.00155916
-1.79	0.000290231
-1.78	-0.000979476
-1.77	-0.00225017
-1.76	-0.00352207
-1.75	-0.00479537
-1.74	-0.00607031
-1.73	-0.00734708
-1.72	-0.0086259
-1.71	-0.00990699
-1.7	-0.0111906
-1.69	-0.0124768
-1.68	-0.013766
-1.67	-0.0150584
-1.66	-0.0163541
-1.65	-0.0176534
-1.64	-0.0189565
-1.63	-0.0202636
-1.62	-0.0215751
-1.61	-0.022891
-1.6	-0.0242117
-1.59	-0.0255374
-1.58	-0.0268682
-1.57	-0.0282046
-1.56	-0.0295467
-1.55	-0.0308948
-1.54	-0.032249
-1.53	-0.0336098
-1.52	-0.0349774
-1.51	-0.0363519
-1.5	-0.0377338
-1.49	-0.0391232
-1.48	-0.0405205
-1.47	-0.041926
-1.46	-0.0433399
-1.45	-0.0447625
-1.44	-0.0461942
-1.43	-0.0476353
-1.42	-0.0490861
-1.41	-0.0505468
-1.4	-0.052018
-1.39	-0.0534998
-1.38	-0.0549927
-1.37	-0.056497
-1.36	-0.058013
-1.35	-0.0595412
-1.34	-0.061082
-1.33	-0.0626357
-1.32	-0.0642027
-1.31	-0.0657836
-1.3	-0.0673786
-1.29	-0.0689882
-1.28	-0.070613
-1.27	-0.0722533
-1.26	-0.0739096
-1.25	-0.0755825
-1.24	-0.0772725
-1.23	-0.07898
-1.22	-0.0807056
-1.21	-0.08245
-1.2	-0.0842136
-1.19	-0.0859971
-1.18	-0.087801
-1.17	-0.089626
-1.16	-0.0914729
-1.15	-0.0933422
-1.14	-0.0952346
-1.13	-0.0971509
-1.12	-0.0990919
-1.11	-0.101058
-1.1	-0.103051
-1.09	-0.105071
-1.08	-0.107118
-1.07	-0.109195
-1.06	-0.111301
-1.05	-0.113438
-1.04	-0.115607
-1.03	-0.117809
-1.02	-0.120045
-1.01	-0.122315
-1	-0.124622
-0.99	-0.126967
-0.98	-0.12935
-0.97	-0.131774
-0.96	-0.134239
-0.95	-0.136747
-0.94	-0.1393
-0.93	-0.141899
-0.92	-0.144546
-0.91	-0.147242
-0.9	-0.14999
-0.89	-0.152791
-0.88	-0.155647
-0.87	-0.158561
-0.86	-0.161535
-0.85	-0.164571
-0.84	-0.167671
-0.83	-0.170839
-0.82	-0.174076
-0.81	-0.177385
-0.8	-0.180771
-0.79	-0.184235
-0.78	-0.187782
-0.77	-0.191414
-0.76	-0.195135
-0.75	-0.19895
-0.74	-0.202863
-0.73	-0.206877
-0.72	-0.210998
-0.71	-0.215231
-0.7	-0.219581
-0.69	-0.224053
-0.68	-0.228654
-0.67	-0.23339
-0.66	-0.238268
-0.65	-0.243295
-0.64	-0.248479
-0.63	-0.253828
-0.62	-0.259352
-0.61	-0.265059
-0.6	-0.27096
-0.59	-0.277066
-0.58	-0.283389
-0.57	-0.289942
-0.56	-0.296739
-0.55	-0.303794
-0.54	-0.311125
-0.53	-0.318748
-0.52	-0.326683
-0.51	-0.334951
-0.5	-0.343575
-0.49	-0.35258
-0.48	-0.361993
-0.47	-0.371843
-0.46	-0.382165
-0.45	-0.392995
-0.44	-0.404373
-0.43	-0.416343
-0.42	-0.428956
-0.41	-0.442267
-0.4	-0.456337
-0.39	-0.471238
-0.38	-0.487046
-0.37	-0.50385
-0.36	-0.521751
-0.35	-0.540864
-0.34	-0.561318
-0.33	-0.583265
-0.32	-0.606877
-0.31	-0.632358
-0.3	-0.659942
-0.29	-0.689907
-0.28	-0.722581
-0.27	-0.758355
-0.26	-0.797699
-0.25	-0.841185
-0.24	-0.88951
-0.23	-0.943542
-0.22	-1.00436
-0.21	-1.07336
-0.2	-1.1523
-0.19	-1.24354
-0.18	-1.35019
-0.17	-1.47656
-0.16	-1.62871
-0.15	-1.81544
-0.14	-2.05012
-0.13	-2.35398
-0.12	-2.76302
-0.11	-3.34339
-0.1	-4.23145
-0.09	-5.76053
-0.08	-9.01762
-0.07	-20.7423
-0.06	69.1247
-0.05	12.9618
-0.04	7.15052
-0.03	4.93633
-0.02	3.7686
-0.01	3.04715
0	2.55712
0.01	2.20249
0.02	1.9339
0.03	1.7234
0.04	1.55395
0.05	1.41458
0.06	1.29792
0.07	1.19881
0.08	1.11356
0.09	1.03943
0.1	0.974379
0.11	0.916812
0.12	0.865503
0.13	0.819475
0.14	0.777944
0.15	0.740275
0.16	0.705946
0.17	0.674526
0.18	0.645655
0.19	0.619029
0.2	0.594391
0.21	0.571522
0.22	0.550233
0.23	0.530364
0.24	0.511771
0.25	0.494333
0.26	0.477942
0.27	0.462503
0.28	0.447933
0.29	0.434156
0.3	0.421109
0.31	0.408731
0.32	0.396969
0.33	0.385777
0.34	0.375112
0.35	0.364935
0.36	0.355211
0.37	0.345909
0.38	0.337001
0.39	0.328458
0.4	0.320259
0.41	0.31238
0.42	0.304802
0.43	0.297506
0.44	0.290475
0.45	0.283693
0.46	0.277146
0.47	0.270821
0.48	0.264704
0.49	0.258785
0.5	0.253053
0.51	0.247497
0.52	0.242109
0.53	0.23688
0.54	0.231801
0.55	0.226865
0.56	0.222065
0.57	0.217394
0.58	0.212847
0.59	0.208416
0.6	0.204097
0.61	0.199885
0.62	0.195774
0.63	0.19176
0.64	0.187839
0.65	0.184006
0.66	0.180258
0.67	0.176591
0.68	0.173001
0.69	0.169485
0.7	0.16604
0.71	0.162663
0.72	0.159351
0.73	0.156102
0.74	0.152912
0.75	0.149779
0.76	0.146702
0.77	0.143677
0.78	0.140703
0.79	0.137778
0.8	0.134899
0.81	0.132065
0.82	0.129274
0.83	0.126524
0.84	0.123814
0.85	0.121142
0.86	0.118506
0.87	0.115906
0.88	0.113339
0.89	0.110804
0.9	0.1083
0.91	0.105826
0.92	0.10338
0.93	0.100961
0.94	0.0985687
0.95	0.0962012
0.96	0.0938576
0.97	0.0915368
0.98	0.0892379
0.99	0.0869598
1	0.0847016
1.01	0.0824624
1.02	0.0802412
1.03	0.0780371
1.04	0.0758493
1.05	0.0736769
1.06	0.0715191
1.07	0.0693751
1.08	0.067244
1.09	0.0651251
1.1	0.0630175
1.11	0.0609206
1.12	0.0588335
1.13	0.0567556
1.14	0.054686
1.15	0.0526241
1.16	0.0505691
1.17	0.0485203
1.18	0.0464769
1.19	0.0444383
1.2	0.0424038
1.21	0.0403726
1.22	0.038344
1.23	0.0363174
1.24	0.0342919
1.25	0.032267
1.26	0.0302418
1.27	0.0282156
1.28	0.0261877
1.29	0.0241575
1.3	0.022124
1.31	0.0200865
1.32	0.0180444
1.33	0.0159968
1.34	0.0139428
1.35	0.0118818
1.36	0.00981283
1.37	0.00773508
1.38	0.00564768
1.39	0.00354974
1.4	0.00144037
1.41	-0.00068139
1.42	-0.00281649
1.43	-0.00496593
1.44	-0.00713073
1.45	-0.00931194
1.46	-0.0115107
1.47	-0.013728
1.48	-0.0159652
1.49	-0.0182234
1.5	-0.020504
1.51	-0.0228081
1.52	-0.0251373
1.53	-0.0274928
1.54	-0.0298763
1.55	-0.0322893
1.56	-0.0347335
1.57	-0.0372104
1.58	-0.0397221
1.59	-0.0422702
1.6	-0.0448569
1.61	-0.0474843
1.62	-0.0501545
1.63	-0.0528699
1.64	-0.0556329
1.65	-0.0584461
1.66	-0.0613124
1.67	-0.0642347
1.68	-0.067216
1.69	-0.0702597
1.7	-0.0733692
1.71	-0.0765485
1.72	-0.0798014
1.73	-0.0831322
1.74	-0.0865455
1.75	-0.0900463
1.76	-0.0936398
1.77	-0.0973318
1.78	-0.101128
1.79	-0.105036
1.8	-0.109061
1.81	-0.113213
1.82	-0.117498
1.83	-0.121927
1.84	-0.126509
1.85	-0.131255
1.86	-0.136177
1.87	-0.141286
1.88	-0.146598
1.89	-0.152128
1.9	-0.157893
1.91	-0.163911
1.92	-0.170203
1.93	-0.176794
1.94	-0.183707
1.95	-0.190972
1.96	-0.198621
1.97	-0.206691
1.98	-0.215221
1.99	-0.224259
2	-0.233857
2.01	-0.244075
2.02	-0.254982
2.03	-0.266657
2.04	-0.279192
2.05	-0.292696
2.06	-0.307293
2.07	-0.323134
2.08	-0.340394
2.09	-0.359286
2.1	-0.380067
2.11	-0.40305
2.12	-0.428622
2.13	-0.457266
2.14	-0.489593
2.15	-0.526387
2.16	-0.568673
2.17	-0.617813
2.18	-0.675661
2.19	-0.744806
2.2	-0.828978
2.21	-0.933748
2.22	-1.06783
2.23	-1.24567
2.24	-1.49304
2.25	-1.86095
2.26	-2.46639
2.27	-3.65025
2.28	-7.00367
2.29	-84.4028
2.3	8.40785
2.31	4.00548
2.32	2.62879
2.33	1.95595
2.34	1.55687
2.35	1.29257
2.36	1.10452
2.37	0.963813
2.38	0.854498
2.39	0.767073
2.4	0.695519
2.41	0.635837
2.42	0.585268
2.43	0.541846
2.44	0.504133
2.45	0.471053
2.46	0.441782
2.47	0.415682
2.48	0.392251
2.49	0.371085
2.5	0.351859
2.51	0.334308
2.52	0.318212
2.53	0.303388
2.54	0.289682
2.55	0.276965
2.56	0.265126
2.57	0.25407
2.58	0.243717
2.59	0.233994
2.6	0.224842
2.61	0.216205
2.62	0.208036
2.63	0.200294
2.64	0.192942
2.65	0.185947
2.66	0.17928
2.67	0.172914
2.68	0.166825
2.69	0.160994
2.7	0.1554
2.71	0.150026
2.72	0.144856
2.73	0.139877
2.74	0.135075
2.75	0.130438
2.76	0.125956
2.77	0.121618
2.78	0.117415
2.79	0.113339
2.8	0.109383
2.81	0.105537
2.82	0.101797
2.83	0.0981564
2.84	0.0946086
2.85	0.0911486
2.86	0.0877714
2.87	0.0844725
2.88	0.0812476
2.89	0.0780924
2.9	0.0750034
2.91	0.0719768
2.92	0.0690094
2.93	0.066098
2.94	0.0632396
2.95	0.0604316
2.96	0.0576712
2.97	0.0549559
2.98	0.0522834
2.99	0.0496515
3	0.0470581
3.01	0.0445011
3.02	0.0419787
3.03	0.0394891
3.04	0.0370304
3.05	0.0346012
3.06	0.0321998
3.07	0.0298246
3.08	0.0274744
3.09	0.0251476
3.1	0.0228431
3.11	0.0205595
3.12	0.0182955
3.13	0.0160501
3.14	0.0138222
3.15	0.0116105
3.16	0.00941414
3.17	0.00723203
3.18	0.00506319
3.19	0.00290668
3.2	0.000761582
3.21	-0.00137301
3.22	-0.00349797
3.23	-0.00561413
3.24	-0.00772234
3.25	-0.0098234
3.26	-0.0119181
3.27	-0.0140072
3.28	-0.0160915
3.29	-0.0181717
3.3	-0.0202485
3.31	-0.0223228
3.32	-0.0243951
3.33	-0.0264662
3.34	-0.0285367
3.35	-0.0306075
3.36	-0.032679
3.37	-0.0347521
3.38	-0.0368274
3.39	-0.0389055
3.4	-0.0409871
3.41	-0.0430729
3.42	-0.0451636
3.43	-0.0472597
3.44	-0.049362
3.45	-0.0514712
3.46	-0.0535878
3.47	-0.0557126
3.48	-0.0578463
3.49	-0.0599895
3.5	-0.0621429
3.51	-0.0643072
3.52	-0.0664831
3.53	-0.0686713
3.54	-0.0708726
3.55	-0.0730876
3.56	-0.0753172
3.57	-0.077562
3.58	-0.0798229
3.59	-0.0821006
3.6	-0.0843959
3.61	-0.0867097
3.62	-0.0890428
3.63	-0.091396
3.64	-0.0937702
3.65	-0.0961664
3.66	-0.0985853
3.67	-0.101028
3.68	-0.103496
3.69	-0.105989
3.7	-0.108509
3.71	-0.111057
3.72	-0.113633
3.73	-0.11624
3.74	-0.118878
3.75	-0.121549
3.76	-0.124253
3.77	-0.126992
3.78	-0.129767
3.79	-0.13258
3.8	-0.135432
3.81	-0.138325
3.82	-0.14126
3.83	-0.144238
3.84	-0.147262
3.85	-0.150333
3.86	-0.153453
3.87	-0.156624
3.88	-0.159847
3.89	-0.163125
3.9	-0.166461
3.91	-0.169855
3.92	-0.173311
3.93	-0.176831
3.94	-0.180417
3.95	-0.184072
3.96	-0.1878
3.97	-0.191602
3.98	-0.195483
3.99	-0.199444
4	-0.20349
4.01	-0.207625
4.02	-0.211852
4.03	-0.216174
4.04	-0.220597
4.05	-0.225125
4.06	-0.229762
4.07	-0.234513
4.08	-0.239384
4.09	-0.24438
4.1	-0.249507
4.11	-0.254771
4.12	-0.26018
4.13	-0.265739
4.14	-0.271457
4.15	-0.277342
4.16	-0.283402
4.17	-0.289646
4.18	-0.296084
4.19	-0.302727
4.2	-0.309585
4.21	-0.316671
4.22	-0.323998
4.23	-0.331579
4.24	-0.33943
4.25	-0.347567
4.26	-0.356007
4.27	-0.364769
4.28	-0.373874
4.29	-0.383343
4.3	-0.393202
4.31	-0.403476
4.32	-0.414194
4.33	-0.425388
4.34	-0.437092
4.35	-0.449345
4.36	-0.462187
4.37	-0.475666
4.38	-0.489832
4.39	-0.504741
4.4	-0.520457
4.41	-0.537051
4.42	-0.5546
4.43	-0.573194
4.44	-0.592931
4.45	-0.613925
4.46	-0.636304
4.47	-0.660213
4.48	-0.685819
4.49	-0.713316
4.5	-0.742925
4.51	-0.774905
4.52	-0.80956
4.53	-0.847247
4.54	-0.888387
4.55	-0.933489
4.56	-0.983161
4.57	-1.03814
4.58	-1.09935
4.59	-1.16791
4.6	-1.24526
4.61	-1.3332
4.62	-1.43409
4.63	-1.55106
4.64	-1.68828
4.65	-1.85156
4.66	-2.04913
4.67	-2.29311
4.68	-2.60209
4.69	-3.0061
4.7	-3.55707
4.71	-4.35319
4.72	-5.60512
4.73	-7.86188
4.74	-13.1456
4.75	-39.9613
4.76	38.5318
4.77	13.0093
4.78	7.82894
4.79	5.60067
4.8	4.36047
4.81	3.57029
4.82	3.02273
4.83	2.62087
4.84	2.31333
4.85	2.07035
4.86	1.87352
4.87	1.71079
4.88	1.574
4.89	1.45737
4.9	1.35675
4.91	1.26903
4.92	1.19188
4.93	1.12347
4.94	1.0624
4.95	1.00753
4.96	0.95796
4.97	0.912949
4.98	0.871888
4.99	0.834273
5	0.799684
5.01	0.767763
5.02	0.73821
5.03	0.710765
5.04	0.685206
5.05	0.661343
5.06	0.639008
5.07	0.618055
5.08	0.598358
5.09	0.579803
5.1	0.562291
5.11	0.545734
5.12	0.530053
5.13	0.515179
5.14	0.501048
5.15	0.487604
5.16	0.474796
5.17	0.462578
5.18	0.450908
5.19	0.439749
5.2	0.429065
5.21	0.418826
5.22	0.409003
5.23	0.399569
5.24	0.3905
5.25	0.381775
5.26	0.373372
5.27	0.365272
5.28	0.35746
5.29	0.349917
5.3	0.342629
5.31	0.335583
5.32	0.328766
5.33	0.322165
5.34	0.315769
5.35	0.309568
5.36	0.303552
5.37	0.297713
5.38	0.292041
5.39	0.286528
5.4	0.281168
5.41	0.275953
5.42	0.270876
5.43	0.265931
5.44	0.261112
5.45	0.256415
5.46	0.251833
5.47	0.247361
5.48	0.242996
5.49	0.238732
5.5	0.234565
5.51	0.230492
5.52	0.226509
5.53	0.222611
5.54	0.218797
5.55	0.215062
5.56	0.211404
5.57	0.207819
5.58	0.204305
5.59	0.200859
5.6	0.19748
5.61	0.194163
5.62	0.190907
5.63	0.187711
5.64	0.184571
5.65	0.181486
5.66	0.178454
5.67	0.175472
5.68	0.172541
5.69	0.169656
5.7	0.166818
5.71	0.164025
5.72	0.161274
5.73	0.158565
5.74	0.155896
5.75	0.153266
5.76	0.150674
5.77	0.148118
5.78	0.145598
5.79	0.143112
5.8	0.140658
5.81	0.138237
5.82	0.135847
5.83	0.133487
5.84	0.131156
5.85	0.128854
5.86	0.126579
5.87	0.12433
5.88	0.122107
5.89	0.119909
5.9	0.117735
5.91	0.115584
5.92	0.113457
5.93	0.111351
5.94	0.109266
5.95	0.107203
5.96	0.105159
5.97	0.103135
5.98	0.101129
5.99	0.0991424
6	0.0971731
6.01	0.0952209
6.02	0.0932855
6.03	0.0913661
6.04	0.0894624
6.05	0.0875738
6.06	0.0856998
6.07	0.0838401
6.08	0.0819942
6.09	0.0801615
6.1	0.0783417
6.11	0.0765344
6.12	0.0747391
6.13	0.0729555
6.14	0.0711832
6.15	0.0694217
6.16	0.0676707
6.17	0.0659298
6.18	0.0641987
6.19	0.062477
6.2	0.0607644
6.21	0.0590606
6.22	0.0573651
6.23	0.0556777
6.24	0.053998
6.25	0.0523258
6.26	0.0506607
6.27	0.0490025
6.28	0.0473507
6.29	0.0457052
6.3	0.0440656
6.31	0.0424317
6.32	0.0408031
6.33	0.0391796
6.34	0.0375609
6.35	0.0359468
6.36	0.0343369
6.37	0.032731
6.38	0.0311288
6.39	0.0295301
6.4	0.0279346
6.41	0.026342
6.42	0.0247521
6.43	0.0231647
6.44	0.0215795
6.45	0.0199962
6.46	0.0184146
6.47	0.0168344
6.48	0.0152554
6.49	0.0136773
6.5	0.0121
6.51	0.0105231
6.52	0.00894636
6.53	0.00736962
6.54	0.0057926
6.55	0.00421504
6.56	0.00263672
6.57	0.00105737
6.58	-0.000523245
6.59	-0.00210537
6.6	-0.00368926
6.61	-0.00527516
6.62	-0.00686332
6.63	-0.00845399
6.64	-0.0100474
6.65	-0.0116439
6.66	-0.0132436
6.67	-0.0148469
6.68	-0.0164539
6.69	-0.018065
6.7	-0.0196805
6.71	-0.0213005
6.72	-0.0229254
6.73	-0.0245554
6.74	-0.0261908
6.75	-0.027832
6.76	-0.0294791
6.77	-0.0311325
6.78	-0.0327924
6.79	-0.0344592
6.8	-0.0361332
6.81	-0.0378146
6.82	-0.0395038
6.83	-0.0412012
6.84	-0.0429069
6.85	-0.0446214
6.86	-0.0463449
6.87	-0.0480779
6.88	-0.0498206
6.89	-0.0515735
6.9	-0.0533369
6.91	-0.0551111
6.92	-0.0568965
6.93	-0.0586936
6.94	-0.0605027
6.95	-0.0623242
6.96	-0.0641585
6.97	-0.0660061
6.98	-0.0678674
6.99	-0.0697428
7	-0.0716328
7.01	-0.0735378
7.02	-0.0754584
7.03	-0.077395
7.04	-0.0793481
7.05	-0.0813183
7.06	-0.0833061
7.07	-0.085312
7.08	-0.0873366
7.09	-0.0893805
7.1	-0.0914443
7.11	-0.0935286
7.12	-0.095634
7.13	-0.0977612
7.14	-0.0999108
7.15	-0.102084
7.16	-0.10428
7.17	-0.106502
7.18	-0.108749
7.19	-0.111021
7.2	-0.113321
7.21	-0.115649
7.22	-0.118006
7.23	-0.120392
7.24	-0.122809
7.25	-0.125258
7.26	-0.127739
7.27	-0.130253
7.28	-0.132803
7.29	-0.135388
7.3	-0.138011
7.31	-0.140672
7.32	-0.143372
7.33	-0.146113
7.34	-0.148897
7.35	-0.151724
7.36	-0.154596
7.37	-0.157516
7.38	-0.160483
7.39	-0.163501
7.4	-0.166571
7.41	-0.169694
7.42	-0.172873
7.43	-0.17611
7.44	-0.179406
7.45	-0.182764
7.46	-0.186187
7.47	-0.189677
7.48	-0.193236
7.49	-0.196867
7.5	-0.200572
7.51	-0.204356
7.52	-0.20822
7.53	-0.212168
7.54	-0.216204
7.55	-0.220331
7.56	-0.224553
7.57	-0.228874
7.58	-0.233299
7.59	-0.237831
7.6	-0.242476
7.61	-0.247238
7.62	-0.252123
7.63	-0.257137
7.64	-0.262285
7.65	-0.267574
7.66	-0.273011
7.67	-0.278602
7.68	-0.284356
7.69	-0.290281
7.7	-0.296386
7.71	-0.302679
7.72	-0.309171
7.73	-0.315873
7.74	-0.322796
7.75	-0.329952
7.76	-0.337354
7.77	-0.345018
7.78	-0.352958
7.79	-0.36119
7.8	-0.369734
7.81	-0.378608
7.82	-0.387833
7.83	-0.397433
7.84	-0.407432
7.85	-0.417858
7.86	-0.428741
7.87	-0.440113
7.88	-0.452009
7.89	-0.46447
7.9	-0.477539
7.91	-0.491264
7.92	-0.505697
7.93	-0.520899
7.94	-0.536934
7.95	-0.553877
7.96	-0.571809
7.97	-0.590825
7.98	-0.611027
7.99	-0.632536
8	-0.655485
8.01	-0.680029
8.02	-0.706346
8.03	-0.734639
8.04	-0.765146
8.05	-0.798143
8.06	-0.833953
8.07	-0.872962
8.08	-0.915623
8.09	-0.962486
8.1	-1.01421
8.11	-1.07161
8.12	-1.13568
8.13	-1.20767
8.14	-1.28916
8.15	-1.38218
8.16	-1.48939
8.17	-1.61432
8.18	-1.7618
8.19	-1.93857
8.2	-2.15436
8.21	-2.42375
8.22	-2.7696
8.23	-3.22997
8.24	-3.87314
8.25	-4.8352
8.26	-6.43186
8.27	-9.60089
8.28	-18.9213
8.29	-646.534
8.3	20.095
8.31	9.8922
8.32	6.5599
8.33	4.9061
8.34	3.91759
8.35	3.26004
8.36	2.79101
8.37	2.43952
8.38	2.16628
8.39	1.94772
8.4	1.7689
8.41	1.61986
8.42	1.4937
8.43	1.38552
8.44	1.29172
8.45	1.20958
8.46	1.13705
8.47	1.07252
8.48	1.01473
8.49	0.962672
8.5	0.915516
8.51	0.872596
8.52	0.833358
8.53	0.797343
8.54	0.764161
8.55	0.733487
8.56	0.70504
8.57	0.678583
8.58	0.653908
8.59	0.630837
8.6	0.609214
8.61	0.588905
8.62	0.569788
8.63	0.551759
8.64	0.534723
8.65	0.518599
8.66	0.503312
8.67	0.488795
8.68	0.47499
8.69	0.461842
8.7	0.449304
8.71	0.437332
8.72	0.425885
8.73	0.414929
8.74	0.40443
8.75	0.394359
8.76	0.384687
8.77	0.37539
8.78	0.366445
8.79	0.35783
8.8	0.349526
8.81	0.341515
8.82	0.33378
8.83	0.326306
8.84	0.319078
8.85	0.312082
8.86	0.305308
8.87	0.298742
8.88	0.292375
8.89	0.286195
8.9	0.280195
8.91	0.274365
8.92	0.268696
8.93	0.263182
8.94	0.257814
8.95	0.252586
8.96	0.247492
8.97	0.242526
8.98	0.237681
8.99	0.232953
9	0.228337
9.01	0.223827
9.02	0.21942
9.03	0.21511
9.04	0.210895
9.05	0.206769
9.06	0.20273
9.07	0.198773
9.08	0.194897
9.09	0.191096
9.1	0.18737
9.11	0.183714
9.12	0.180126
9.13	0.176604
9.14	0.173144
9.15	0.169745
9.16	0.166405
9.17	0.163121
9.18	0.159891
9.19	0.156713
9.2	0.153586
9.21	0.150507
9.22	0.147476
9.23	0.144489
9.24	0.141546
9.25	0.138646
9.26	0.135786
9.27	0.132965
9.28	0.130182
9.29	0.127436
9.3	0.124726
9.31	0.122049
9.32	0.119406
9.33	0.116794
9.34	0.114214
9.35	0.111663
9.36	0.109141
9.37	0.106647
9.38	0.104179
9.39	0.101738
9.4	0.0993219
9.41	0.09693
9.42	0.0945616
9.43	0.0922157
9.44	0.0898918
9.45	0.087589
9.46	0.0853065
9.47	0.0830438
9.48	0.0808001
9.49	0.0785747
9.5	0.0763671
9.51	0.0741764
9.52	0.0720023
9.53	0.069844
9.54	0.067701
9.55	0.0655726
9.56	0.0634585
9.57	0.0613579
9.58	0.0592704
9.59	0.0571955
9.6	0.0551327
9.61	0.0530814
9.62	0.0510412
9.63	0.0490116
9.64	0.0469922
9.65	0.0449825
9.66	0.042982
9.67	0.0409903
9.68	0.039007
9.69	0.0370317
9.7	0.0350639
9.71	0.0331032
9.72	0.0311493
9.73	0.0292017
9.74	0.0272601
9.75	0.025324
9.76	0.0233931
9.77	0.0214669
9.78	0.0195452
9.79	0.0176276
9.8	0.0157136
9.81	0.013803
9.82	0.0118954
9.83	0.00999032
9.84	0.00808755
9.85	0.00618668
9.86	0.00428737
9.87	0.00238928
9.88	0.000492057
9.89	-0.00140464
9.9	-0.00330116
9.91	-0.00519784
9.92	-0.00709502
9.93	-0.00899305
9.94	-0.0108923
9.95	-0.012793
9.96	-0.0146956
9.97	-0.0166005
9.98	-0.0185078
9.99	-0.0204181
10	-0.0223317
10.01	-0.0242488
10.02	-0.0261699
10.03	-0.0280953
10.04	-0.0300253
10.05	-0.0319603
10.06	-0.0339008
10.07	-0.0358469
10.08	-0.0377992
10.09	-0.0397579
10.1	-0.0417235
10.11	-0.0436963
10.12	-0.0456767
10.13	-0.0476651
10.14	-0.0496619
10.15	-0.0516675
10.16	-0.0536823
10.17	-0.0557067
10.18	-0.0577411
10.19	-0.0597859
10.2	-0.0618417
10.21	-0.0639088
10.22	-0.0659876
10.23	-0.0680787
10.24	-0.0701824
10.25	-0.0722993
10.26	-0.0744299
10.27	-0.0765746
10.28	-0.078734
10.29	-0.0809085
10.3	-0.0830987
10.31	-0.0853051
10.32	-0.0875283
10.33	-0.0897689
10.34	-0.0920273
10.35	-0.0943043
10.36	-0.0966004
10.37	-0.0989163
10.38	-0.101253
10.39	-0.10361
10.4	-0.105989
10.41	-0.10839
10.42	-0.110815
10.43	-0.113263
10.44	-0.115736
10.45	-0.118235
10.46	-0.12076
10.47	-0.123311
10.48	-0.125891
10.49	-0.1285
10.5	-0.131138
10.51	-0.133807
10.52	-0.136507
10.53	-0.13924
10.54	-0.142006
10.55	-0.144808
10.56	-0.147645
10.57	-0.150519
10.58	-0.153431
10.59	-0.156383
10.6	-0.159375
10.61	-0.16241
10.62	-0.165487
10.63	-0.16861
10.64	-0.171779
10.65	-0.174995
10.66	-0.178261
10.67	-0.181578
10.68	-0.184948
10.69	-0.188373
10.7	-0.191854
10.71	-0.195394
10.72	-0.198994
10.73	-0.202657
10.74	-0.206384
10.75	-0.210179
10.76	-0.214044
10.77	-0.217981
10.78	-0.221992
10.79	-0.226081
10.8	-0.230251
10.81	-0.234504
10.82	-0.238845
10.83	-0.243275
10.84	-0.247799
10.85	-0.25242
10.86	-0.257143
10.87	-0.261971
10.88	-0.266909
10.89	-0.271961
10.9	-0.277132
10.91	-0.282427
10.92	-0.287852
10.93	-0.293411
10.94	-0.299112
10.95	-0.30496
10.96	-0.310962
10.97	-0.317125
10.98	-0.323457
10.99	-0.329966
11	-0.33666
11.01	-0.343548
11.02	-0.350639
11.03	-0.357945
11.04	-0.365476
11.05	-0.373244
11.06	-0.381261
11.07	-0.389541
11.08	-0.398097
11.09	-0.406947
11.1	-0.416105
11.11	-0.425591
11.12	-0.435423
11.13	-0.445622
11.14	-0.456211
11.15	-0.467214
11.16	-0.478658
11.17	-0.490571
11.18	-0.502984
11.19	-0.515933
11.2	-0.529453
11.21	-0.543586
11.22	-0.558377
11.23	-0.573875
11.24	-0.590133
11.25	-0.607213
11.26	-0.625181
11.27	-0.64411
11.28	-0.664083
11.29	-0.685191
11.3	-0.707537
11.31	-0.731238
11.32	-0.756423
11.33	-0.783241
11.34	-0.811859
11.35	-0.842471
11.36	-0.875295
11.37	-0.910588
11.38	-0.948642
11.39	-0.989803
11.4	-1.03447
11.41	-1.08313
11.42	-1.13633
11.43	-1.19476
11.44	-1.25924
11.45	-1.33077
11.46	-1.41058
11.47	-1.50022
11.48	-1.60162
11.49	-1.7173
11.5	-1.85051
11.51	-2.00558
11.52	-2.18842
11.53	-2.40723
11.54	-2.67383
11.55	-3.00587
11.56	-3.43085
11.57	-3.99426
11.58	-4.777
11.59	-5.9383
11.6	-7.84076
11.61	-11.5271
11.62	-21.7238
11.63	-186.064
11.64	28.3867
11.65	13.1961
11.66	8.59937
11.67	6.37933
11.68	5.07121
11.69	4.20878
11.7	3.59733
11.71	3.14118
11.72	2.78778
11.73	2.50589
11.74	2.27578
11.75	2.08435
11.76	1.92259
11.77	1.78408
11.78	1.66413
11.79	1.55922
11.8	1.46669
11.81	1.38446
11.82	1.31088
11.83	1.24465
11.84	1.18471
11.85	1.13021
11.86	1.08043
11.87	1.03476
11.88	0.992731
11.89	0.953905
11.9	0.917927
11.91	0.884491
11.92	0.853332
11.93	0.824223
11.94	0.796963
11.95	0.771379
11.96	0.747317
11.97	0.724643
11.98	0.703238
11.99	0.682994
12	0.663818
12.01	0.645625
12.02	0.628339
12.03	0.611892
12.04	0.596222
12.05	0.581273
12.06	0.566995
12.07	0.553342
12.08	0.540273
12.09	0.527748
12.1	0.515733
12.11	0.504196
12.12	0.493108
12.13	0.482442
12.14	0.472172
12.15	0.462276
12.16	0.452732
12.17	0.443521
12.18	0.434625
12.19	0.426026
12.2	0.41771
12.21	0.40966
12.22	0.401864
12.23	0.394309
12.24	0.386982
12.25	0.379873
12.26	0.372972
12.27	0.366268
12.28	0.359753
12.29	0.353417
12.3	0.347253
12.31	0.341252
12.32	0.335409
12.33	0.329715
12.34	0.324165
12.35	0.318753
12.36	0.313473
12.37	0.308318
12.38	0.303286
12.39	0.298369
12.4	0.293565
12.41	0.288868
12.42	0.284274
12.43	0.27978
12.44	0.275382
12.45	0.271075
12.46	0.266858
12.47	0.262726
12.48	0.258676
12.49	0.254706
12.5	0.250813
12.51	0.246993
12.52	0.243245
12.53	0.239566
12.54	0.235954
12.55	0.232407
12.56	0.228921
12.57	0.225496
12.58	0.222129
12.59	0.218819
12.6	0.215563
12.61	0.212361
12.62	0.209209
12.63	0.206107
12.64	0.203053
12.65	0.200046
12.66	0.197084
12.67	0.194166
12.68	0.191291
12.69	0.188456
12.7	0.185662
12.71	0.182907
12.72	0.180189
12.73	0.177508
12.74	0.174862
12.75	0.172252
12.76	0.169674
12.77	0.16713
12.78	0.164617
12.79	0.162135
12.8	0.159683
12.81	0.15726
12.82	0.154865
12.83	0.152498
12.84	0.150158
12.85	0.147844
12.86	0.145555
12.87	0.143292
12.88	0.141052
12.89	0.138835
12.9	0.136642
12.91	0.13447
12.92	0.13232
12.93	0.130191
12.94	0.128083
12.95	0.125995
12.96	0.123926
12.97	0.121875
12.98	0.119844
12.99	0.11783
13	0.115834
13.01	0.113854
13.02	0.111892
13.03	0.109945
13.04	0.108014
13.05	0.106099
13.06	0.104198
13.07	0.102312
13.08	0.10044
13.09	0.0985815
13.1	0.0967367
13.11	0.0949049
13.12	0.0930858
13.13	0.0912791
13.14	0.0894845
13.15	0.0877015
13.16	0.08593
13.17	0.0841696
13.18	0.0824199
13.19	0.0806808
13.2	0.0789519
13.21	0.0772329
13.22	0.0755236
13.23	0.0738237
13.24	0.0721329
13.25	0.0704509
13.26	0.0687776
13.27	0.0671126
13.28	0.0654557
13.29	0.0638067
13.3	0.0621653
13.31	0.0605313
13.32	0.0589044
13.33	0.0572846
13.34	0.0556714
13.35	0.0540647
13.36	0.0524644
13.37	0.0508701
13.38	0.0492817
13.39	0.0476989
13.4	0.0461216
13.41	0.0445496
13.42	0.0429826
13.43	0.0414206
13.44	0.0398632
13.45	0.0383103
13.46	0.0367617
13.47	0.0352173
13.48	0.0336768
13.49	0.03214
13.5	0.0306069
13.51	0.0290771
13.52	0.0275506
13.53	0.0260272
13.54	0.0245067
13.55	0.0229889
13.56	0.0214736
13.57	0.0199608
13.58	0.0184502
13.59	0.0169416
13.6	0.015435
13.61	0.0139301
13.62	0.0124267
13.63	0.0109248
13.64	0.00942417
13.65	0.00792463
13.66	0.00642604
13.67	0.00492823
13.68	0.00343106
13.69	0.00193437
13.7	0.000438002
13.71	-0.0010582
13.72	-0.00255438
13.73	-0.0040507
13.74	-0.00554732
13.75	-0.00704438
13.76	-0.00854204
13.77	-0.0100405
13.78	-0.0115398
13.79	-0.0130402
13.8	-0.0145418
13.81	-0.0160447
13.82	-0.0175492
13.83	-0.0190554
13.84	-0.0205634
13.85	-0.0220734
13.86	-0.0235856
13.87	-0.0251
13.88	-0.0266169
13.89	-0.0281365
13.9	-0.0296588
13.91	-0.031184
13.92	-0.0327124
13.93	-0.034244
13.94	-0.035779
13.95	-0.0373177
13.96	-0.0388601
13.97	-0.0404064
13.98	-0.0419568
13.99	-0.0435115
14	-0.0450707
14.01	-0.0466344
14.02	-0.0482029
14.03	-0.0497764
14.04	-0.051355
14.05	-0.052939
14.06	-0.0545284
14.07	-0.0561235
14.08	-0.0577246
14.09	-0.0593316
14.1	-0.060945
14.11	-0.0625648
14.12	-0.0641912
14.13	-0.0658245
14.14	-0.0674648
14.15	-0.0691124
14.16	-0.0707675
14.17	-0.0724302
14.18	-0.0741009
14.19	-0.0757796
14.2	-0.0774667
14.21	-0.0791623
14.22	-0.0808667
14.23	-0.0825802
14.24	-0.0843029
14.25	-0.086035
14.26	-0.087777
14.27	-0.0895289
14.28	-0.0912911
14.29	-0.0930637
14.3	-0.0948472
14.31	-0.0966416
14.32	-0.0984474
14.33	-0.100265
14.34	-0.102094
14.35	-0.103935
14.36	-0.105789
14.37	-0.107656
14.38	-0.109536
14.39	-0.111429
14.4	-0.113336
14.41	-0.115257
14.42	-0.117192
14.43	-0.119142
14.44	-0.121107
14.45	-0.123088
14.46	-0.125084
14.47	-0.127097
14.48	-0.129126
14.49	-0.131172
14.5	-0.133235
14.51	-0.135317
14.52	-0.137416
14.53	-0.139534
14.54	-0.141672
14.55	-0.143829
14.56	-0.146006
14.57	-0.148203
14.58	-0.150422
14.59	-0.152662
14.6	-0.154924
14.61	-0.157209
14.62	-0.159516
14.63	-0.161848
14.64	-0.164204
14.65	-0.166585
14.66	-0.168991
14.67	-0.171424
14.68	-0.173883
14.69	-0.17637
14.7	-0.178885
14.71	-0.181429
14.72	-0.184003
14.73	-0.186607
14.74	-0.189242
14.75	-0.191909
14.76	-0.19461
14.77	-0.197343
14.78	-0.200112
14.79	-0.202916
14.8	-0.205756
14.81	-0.208634
14.82	-0.21155
14.83	-0.214506
14.84	-0.217502
14.85	-0.22054
14.86	-0.223621
14.87	-0.226746
14.88	-0.229916
14.89	-0.233133
14.9	-0.236398
14.91	-0.239712
14.92	-0.243077
14.93	-0.246493
14.94	-0.249964
14.95	-0.25349
14.96	-0.257073
14.97	-0.260715
14.98	-0.264417
14.99	-0.268182
15	-0.272011
15.01	-0.275906
15.02	-0.279869
15.03	-0.283904
15.04	-0.288011
15.05	-0.292194
15.06	-0.296454
15.07	-0.300794
15.08	-0.305218
15.09	-0.309727
15.1	-0.314326
15.11	-0.319016
15.12	-0.323801
15.13	-0.328685
15.14	-0.33367
15.15	-0.338761
15.16	-0.343962
15.17	-0.349277
15.18	-0.354709
15.19	-0.360263
15.2	-0.365945
15.21	-0.371758
15.22	-0.377709
15.23	-0.383802
15.24	-0.390043
15.25	-0.396439
15.26	-0.402995
15.27	-0.40972
15.28	-0.416619
15.29	-0.4237
15.3	-0.430971
15.31	-0.438441
15.32	-0.446118
15.33	-0.454013
15.34	-0.462135
15.35	-0.470495
15.36	-0.479104
15.37	-0.487974
15.38	-0.497119
15.39	-0.506552
15.4	-0.516288
15.41	-0.526343
15.42	-0.536733
15.43	-0.547476
15.44	-0.558593
15.45	-0.570103
15.46	-0.582029
15.47	-0.594396
15.48	-0.607228
15.49	-0.620556
15.5	-0.634407
15.51	-0.648817
15.52	-0.66382
15.53	-0.679455
15.54	-0.695765
15.55	-0.712796
15.56	-0.730598
15.57	-0.749227
15.58	-0.768743
15.59	-0.789214
15.6	-0.810713
15.61	-0.833321
15.62	-0.85713
15.63	-0.882239
15.64	-0.90876
15.65	-0.936819
15.66	-0.966557
15.67	-0.998131
15.68	-1.03172
15.69	-1.06753
15.7	-1.10578
15.71	-1.14675
15.72	-1.19073
15.73	-1.23808
15.74	-1.28921
15.75	-1.34458
15.76	-1.40475
15.77	-1.47039
15.78	-1.54228
15.79	-1.62137
15.8	-1.70881
15.81	-1.80599
15.82	-1.91465
15.83	-2.03698
15.84	-2.17572
15.85	-2.33445
15.86	-2.51783
15.87	-2.73211
15.88	-2.98583
15.89	-3.29104
15.9	-3.66521
15.91	-4.13472
15.92	-4.74143
15.93	-5.55582
15.94	-6.70669
15.95	-8.45708
15.96	-11.4408
15.97	-17.6712
15.98	-38.7759
15.99	200.151
16	27.9564
16.01	15.0297
16.02	10.2782
16.03	7.80949
16.04	6.29704
16.05	5.2753
16.06	4.53874
16.07	3.98252
16.08	3.54762
16.09	3.1982
16.1	2.9113
16.11	2.6715
16.12	2.46806
16.13	2.29328
16.14	2.14148
16.15	2.00841
16.16	1.89079
16.17	1.78606
16.18	1.69221
16.19	1.60762
16.2	1.53098
16.21	1.4612
16.22	1.39741
16.23	1.33886
16.24	1.28492
16.25	1.23506
16.26	1.18884
16.27	1.14587
16.28	1.1058
16.29	1.06836
16.3	1.03329
16.31	1.00037
16.32	0.969401
16.33	0.940216
16.34	0.912662
16.35	0.886603
16.36	0.861919
16.37	0.838501
16.38	0.816253
16.39	0.795086
16.4	0.774923
16.41	0.755691
16.42	0.737326
16.43	0.719769
16.44	0.702967
16.45	0.686869
16.46	0.671432
16.47	0.656613
16.48	0.642376
16.49	0.628686
16.5	0.615509
16.51	0.602818
16.52	0.590584
16.53	0.578781
16.54	0.567388
16.55	0.55638
16.56	0.545739
16.57	0.535445
16.58	0.525481
16.59	0.51583
16.6	0.506477
16.61	0.497407
16.62	0.488607
16.63	0.480064
16.64	0.471766
16.65	0.463702
16.66	0.455862
16.67	0.448236
16.68	0.440814
16.69	0.433588
16.7	0.426549
16.71	0.419689
16.72	0.413002
16.73	0.406479
16.74	0.400115
16.75	0.393903
16.76	0.387838
16.77	0.381913
16.78	0.376123
16.79	0.370463
16.8	0.364928
16.81	0.359514
16.82	0.354216
16.83	0.34903
16.84	0.343952
16.85	0.338978
16.86	0.334104
16.87	0.329328
16.88	0.324646
16.89	0.320054
16.9	0.315549
16.91	0.311129
16.92	0.306792
16.93	0.302533
16.94	0.298351
16.95	0.294243
16.96	0.290208
16.97	0.286241
16.98	0.282343
16.99	0.27851
17	0.27474
17.01	0.271031
17.02	0.267383
17.03	0.263792
17.04	0.260258
17.05	0.256778
17.06	0.253351
17.07	0.249975
17.08	0.246649
17.09	0.243372
17.1	0.240143
17.11	0.236959
17.12	0.233819
17.13	0.230724
17.14	0.22767
17.15	0.224657
17.16	0.221685
17.17	0.218751
17.18	0.215855
17.19	0.212996
17.2	0.210173
17.21	0.207385
17.22	0.20463
17.23	0.20191
17.24	0.199221
17.25	0.196564
17.26	0.193937
17.27	0.191341
17.28	0.188773
17.29	0.186234
17.3	0.183723
17.31	0.181239
17.32	0.178781
17.33	0.176348
17.34	0.173941
17.35	0.171559
17.36	0.1692
17.37	0.166864
17.38	0.164552
17.39	0.162261
17.4	0.159992
17.41	0.157744
17.42	0.155517
17.43	0.15331
17.44	0.151123
17.45	0.148954
17.46	0.146805
17.47	0.144673
17.48	0.14256
17.49	0.140464
17.5	0.138385
17.51	0.136323
17.52	0.134277
17.53	0.132246
17.54	0.130231
17.55	0.128232
17.56	0.126246
17.57	0.124276
17.58	0.122319
17.59	0.120376
17.6	0.118447
17.61	0.11653
17.62	0.114626
17.63	0.112735
17.64	0.110856
17.65	0.108988
17.66	0.107133
17.67	0.105288
17.68	0.103455
17.69	0.101632
17.7	0.0998195
17.71	0.0980174
17.72	0.0962252
17.73	0.0944427
17.74	0.0926696
17.75	0.0909058
17.76	0.0891509
17.77	0.0874048
17.78	0.0856671
17.79	0.0839378
17.8	0.0822164
17.81	0.080503
17.82	0.0787971
17.83	0.0770987
17.84	0.0754075
17.85	0.0737232
17.86	0.0720458
17.87	0.0703749
17.88	0.0687105
17.89	0.0670523
17.9	0.0654001
17.91	0.0637537
17.92	0.062113
17.93	0.0604777
17.94	0.0588477
17.95	0.0572228
17.96	0.0556029
17.97	0.0539877
17.98	0.0523771
17.99	0.0507709
18	0.0491689
18.01	0.047571
18.02	0.045977
18.03	0.0443868
18.04	0.0428002
18.05	0.0412169
18.06	0.039637
18.07	0.0380601
18.08	0.0364862
18.09	0.0349151
18.1	0.0333466
18.11	0.0317807
18.12	0.030217
18.13	0.0286556
18.14	0.0270961
18.15	0.0255386
18.16	0.0239828
18.17	0.0224286
18.18	0.0208758
18.19	0.0193243
18.2	0.017774
18.21	0.0162247
18.22	0.0146762
18.23	0.0131285
18.24	0.0115813
18.25	0.0100345
18.26	0.00848805
18.27	0.00694171
18.28	0.00539536
18.29	0.00384886
18.3	0.00230207
18.31	0.000754843
18.32	-0.000792965
18.33	-0.0023415
18.34	-0.0038909
18.35	-0.00544131
18.36	-0.00699289
18.37	-0.00854576
18.38	-0.0101001
18.39	-0.011656
18.4	-0.0132137
18.41	-0.0147732
18.42	-0.0163348
18.43	-0.0178985
18.44	-0.0194646
18.45	-0.0210332
18.46	-0.0226044
18.47	-0.0241784
18.48	-0.0257553
18.49	-0.0273353
18.5	-0.0289186
18.51	-0.0305053
18.52	-0.0320955
18.53	-0.0336894
18.54	-0.0352872
18.55	-0.0368891
18.56	-0.0384951
18.57	-0.0401055
18.58	-0.0417205
18.59	-0.0433401
18.6	-0.0449647
18.61	-0.0465942
18.62	-0.048229
18.63	-0.0498691
18.64	-0.0515149
18.65	-0.0531663
18.66	-0.0548237
18.67	-0.0564872
18.68	-0.058157
18.69	-0.0598333
18.7	-0.0615163
18.71	-0.0632062
18.72	-0.0649031
18.73	-0.0666072
18.74	-0.0683189
18.75	-0.0700382
18.76	-0.0717655
18.77	-0.0735008
18.78	-0.0752444
18.79	-0.0769966
18.8	-0.0787575
18.81	-0.0805275
18.82	-0.0823066
18.83	-0.0840952
18.84	-0.0858935
18.85	-0.0877017
18.86	-0.0895202
18.87	-0.091349
18.88	-0.0931885
18.89	-0.095039
18.9	-0.0969008
18.91	-0.098774
18.92	-0.100659
18.93	-0.102556
18.94	-0.104465
18.95	-0.106388
18.96	-0.108323
18.97	-0.110271
18.98	-0.112233
18.99	-0.114208
19	-0.116198
19.01	-0.118203
19.02	-0.120222
19.03	-0.122257
19.04	-0.124307
19.05	-0.126373
19.06	-0.128456
19.07	-0.130555
19.08	-0.132671
19.09	-0.134805
19.1	-0.136957
19.11	-0.139128
19.12	-0.141317
19.13	-0.143525
19.14	-0.145753
19.15	-0.148002
19.16	-0.15027
19.17	-0.152561
19.18	-0.154872
19.19	-0.157206
19.2	-0.159563
19.21	-0.161943
19.22	-0.164347
19.23	-0.166775
19.24	-0.169228
19.25	-0.171707
19.26	-0.174212
19.27	-0.176744
19.28	-0.179303
19.29	-0.181891
19.3	-0.184508
19.31	-0.187154
19.32	-0.189831
19.33	-0.192539
19.34	-0.195279
19.35	-0.198052
19.36	-0.200859
19.37	-0.2037
19.38	-0.206577
19.39	-0.20949
19.4	-0.21244
19.41	-0.215429
19.42	-0.218457
19.43	-0.221526
19.44	-0.224636
19.45	-0.227789
19.46	-0.230985
19.47	-0.234227
19.48	-0.237515
19.49	-0.240851
19.5	-0.244236
19.51	-0.247671
19.52	-0.251158
19.53	-0.254698
19.54	-0.258293
19.55	-0.261945
19.56	-0.265655
19.57	-0.269425
19.58	-0.273256
19.59	-0.277152
19.6	-0.281113
19.61	-0.285141
19.62	-0.289239
19.63	-0.29341
19.64	-0.297654
19.65	-0.301976
19.66	-0.306376
19.67	-0.310858
19.68	-0.315425
19.69	-0.320079
19.7	-0.324824
19.71	-0.329662
19.72	-0.334596
19.73	-0.339631
19.74	-0.344769
19.75	-0.350014
19.76	-0.355371
19.77	-0.360843
19.78	-0.366434
19.79	-0.37215
19.8	-0.377994
19.81	-0.383972
19.82	-0.390089
19.83	-0.39635
19.84	-0.402761
19.85	-0.409328
19.86	-0.416058
19.87	-0.422958
19.88	-0.430034
19.89	-0.437293
19.9	-0.444745
19.91	-0.452397
19.92	-0.460259
19.93	-0.468339
19.94	-0.476648
19.95	-0.485197
19.96	-0.493996
19.97	-0.503058
19.98	-0.512396
19.99	-0.522023
20	-0.531954
