-20	1.11794e+06
-19.99	1.10499e+06
-19.98	1.09217e+06
-19.97	1.0795e+06
-19.96	1.06697e+06
-19.95	1.05457e+06
-19.94	1.04231e+06
-19.93	1.03018e+06
-19.92	1.01819e+06
-19.91	1.00633e+06
-19.9	994599
-19.89	982998
-19.88	971526
-19.87	960180
-19.86	948959
-19.85	937862
-19.84	926888
-19.83	916036
-19.82	905303
-19.81	894689
-19.8	884193
-19.79	873813
-19.78	863549
-19.77	853398
-19.76	843360
-19.75	833434
-19.74	823618
-19.73	813911
-19.72	804313
-19.71	794821
-19.7	785435
-19.69	776154
-19.68	766976
-19.67	757901
-19.66	748927
-19.65	740054
-19.64	731280
-19.63	722604
-19.62	714026
-19.61	705543
-19.6	697156
-19.59	688863
-19.58	680663
-19.57	672555
-19.56	664538
-19.55	656611
-19.54	648774
-19.53	641025
-19.52	633363
-19.51	625788
-19.5	618298
-19.49	610893
-19.48	603572
-19.47	596333
-19.46	589176
-19.45	582101
-19.44	575105
-19.43	568189
-19.42	561351
-19.41	554591
-19.4	547907
-19.39	541300
-19.38	534767
-19.37	528309
-19.36	521925
-19.35	515613
-19.34	509373
-19.33	503205
-19.32	497107
-19.31	491078
-19.3	485118
-19.29	479227
-19.28	473403
-19.27	467646
-19.26	461954
-19.25	456328
-19.24	450767
-19.23	445269
-19.22	439835
-19.21	434463
-19.2	429153
-19.19	423904
-19.18	418715
-19.17	413586
-19.16	408517
-19.15	403506
-19.14	398553
-19.13	393657
-19.12	388817
-19.11	384034
-19.1	379306
-19.09	374633
-19.08	370014
-19.07	365449
-19.06	360937
-19.05	356477
-19.04	352069
-19.03	347712
-19.02	343406
-19.01	339150
-19	334944
-18.99	330787
-18.98	326678
-18.97	322618
-18.96	318605
-18.95	314639
-18.94	310719
-18.93	306845
-18.92	303017
-18.91	299233
-18.9	295494
-18.89	291799
-18.88	288147
-18.87	284539
-18.86	280973
-18.85	277448
-18.84	273966
-18.83	270524
-18.82	267123
-18.81	263762
-18.8	260441
-18.79	257159
-18.78	253916
-18.77	250712
-18.76	247545
-18.75	244416
-18.74	241325
-18.73	238270
-18.72	235251
-18.71	232268
-18.7	229321
-18.69	226408
-18.68	223531
-18.67	220688
-18.66	217878
-18.65	215103
-18.64	212360
-18.63	209651
-18.62	206973
-18.61	204328
-18.6	201715
-18.59	199133
-18.58	196582
-18.57	194061
-18.56	191571
-18.55	189111
-18.54	186680
-18.53	184279
-18.52	181907
-18.51	179563
-18.5	177248
-18.49	174961
-18.48	172701
-18.47	170469
-18.46	168263
-18.45	166085
-18.44	163933
-18.43	161807
-18.42	159707
-18.41	157632
-18.4	155583
-18.39	153558
-18.38	151559
-18.37	149583
-18.36	147632
-18.35	145705
-18.34	143801
-18.33	141920
-18.32	140063
-18.31	138228
-18.3	136416
-18.29	134626
-18.28	132858
-18.27	131112
-18.26	129387
-18.25	127683
-18.24	126001
-18.23	124339
-18.22	122697
-18.21	121076
-18.2	119475
-18.19	117894
-18.18	116332
-18.17	114790
-18.16	113267
-18.15	111762
-18.14	110277
-18.13	108809
-18.12	107360
-18.11	105929
-18.1	104516
-18.09	103121
-18.08	101743
-18.07	100382
-18.06	99038
-18.05	97711
-18.04	96400.5
-18.03	95106.4
-18.02	93828.6
-18.01	92566.8
-18	91320.9
-17.99	90090.5
-17.98	88875.7
-17.97	87676.2
-17.96	86491.7
-17.95	85322.2
-17.94	84167.5
-17.93	83027.3
-17.92	81901.5
-17.91	80790
-17.9	79692.6
-17.89	78609
-17.88	77539.2
-17.87	76483
-17.86	75440.2
-17.85	74410.6
-17.84	73394.1
-17.83	72390.6
-17.82	71399.9
-17.81	70421.8
-17.8	69456.1
-17.79	68502.9
-17.78	67561.8
-17.77	66632.7
-17.76	65715.6
-17.75	64810.2
-17.74	63916.4
-17.73	63034.1
-17.72	62163.1
-17.71	61303.4
-17.7	60454.7
-17.69	59616.9
-17.68	58790
-17.67	57973.7
-17.66	57168
-17.65	56372.6
-17.64	55587.6
-17.63	54812.8
-17.62	54048
-17.61	53293.1
-17.6	52548
-17.59	51812.6
-17.58	51086.8
-17.57	50370.4
-17.56	49663.3
-17.55	48965.5
-17.54	48276.8
-17.53	47597.1
-17.52	46926.3
-17.51	46264.3
-17.5	45610.9
-17.49	44966.1
-17.48	44329.8
-17.47	43701.8
-17.46	43082.1
-17.45	42470.5
-17.44	41867
-17.43	41271.5
-17.42	40683.8
-17.41	40103.9
-17.4	39531.7
-17.39	38967
-17.38	38409.8
-17.37	37860
-17.36	37317.5
-17.35	36782.2
-17.34	36254
-17.33	35732.9
-17.32	35218.7
-17.31	34711.3
-17.3	34210.7
-17.29	33716.9
-17.28	33229.6
-17.27	32748.8
-17.26	32274.5
-17.25	31806.5
-17.24	31344.8
-17.23	30889.4
-17.22	30440
-17.21	29996.7
-17.2	29559.4
-17.19	29128
-17.18	28702.4
-17.17	28282.5
-17.16	27868.3
-17.15	27459.8
-17.14	27056.7
-17.13	26659.2
-17.12	26267
-17.11	25880.2
-17.1	25498.6
-17.09	25122.3
-17.08	24751
-17.07	24384.9
-17.06	24023.7
-17.05	23667.5
-17.04	23316.1
-17.03	22969.6
-17.02	22627.8
-17.01	22290.7
-17	21958.3
-16.99	21630.4
-16.98	21307.1
-16.97	20988.2
-16.96	20673.7
-16.95	20363.5
-16.94	20057.6
-16.93	19756
-16.92	19458.5
-16.91	19165.2
-16.9	18876
-16.89	18590.7
-16.88	18309.5
-16.87	18032.1
-16.86	17758.7
-16.85	17489
-16.84	17223.1
-16.83	16961
-16.82	16702.5
-16.81	16447.6
-16.8	16196.3
-16.79	15948.5
-16.78	15704.3
-16.77	15463.4
-16.76	15226
-16.75	14991.9
-16.74	14761.1
-16.73	14533.6
-16.72	14309.3
-16.71	14088.2
-16.7	13870.2
-16.69	13655.3
-16.68	13443.5
-16.67	13234.7
-16.66	13028.8
-16.65	12825.9
-16.64	12625.9
-16.63	12428.8
-16.62	12234.5
-16.61	12042.9
-16.6	11854.2
-16.59	11668.1
-16.58	11484.7
-16.57	11303.9
-16.56	11125.8
-16.55	10950.2
-16.54	10777.2
-16.53	10606.6
-16.52	10438.5
-16.51	10272.9
-16.5	10109.7
-16.49	9948.83
-16.48	9790.31
-16.47	9634.1
-16.46	9480.17
-16.45	9328.49
-16.44	9179.03
-16.43	9031.75
-16.42	8886.64
-16.41	8743.65
-16.4	8602.76
-16.39	8463.94
-16.38	8327.17
-16.37	8192.42
-16.36	8059.65
-16.35	7928.85
-16.34	7799.98
-16.33	7673.02
-16.32	7547.94
-16.31	7424.73
-16.3	7303.34
-16.29	7183.76
-16.28	7065.97
-16.27	6949.93
-16.26	6835.63
-16.25	6723.03
-16.24	6612.13
-16.23	6502.89
-16.22	6395.28
-16.21	6289.3
-16.2	6184.92
-16.19	6082.1
-16.18	5980.84
-16.17	5881.12
-16.16	5782.9
-16.15	5686.17
-16.14	5590.9
-16.13	5497.09
-16.12	5404.7
-16.11	5313.73
-16.1	5224.14
-16.09	5135.91
-16.08	5049.04
-16.07	4963.5
-16.06	4879.27
-16.05	4796.34
-16.04	4714.68
-16.03	4634.28
-16.02	4555.12
-16.01	4477.18
-16	4400.45
-15.99	4324.91
-15.98	4250.53
-15.97	4177.32
-15.96	4105.24
-15.95	4034.28
-15.94	3964.43
-15.93	3895.68
-15.92	3827.99
-15.91	3761.37
-15.9	3695.79
-15.89	3631.25
-15.88	3567.72
-15.87	3505.19
-15.86	3443.64
-15.85	3383.07
-15.84	3323.46
-15.83	3264.79
-15.82	3207.05
-15.81	3150.23
-15.8	3094.32
-15.79	3039.29
-15.78	2985.15
-15.77	2931.87
-15.76	2879.44
-15.75	2827.86
-15.74	2777.1
-15.73	2727.16
-15.72	2678.02
-15.71	2629.68
-15.7	2582.12
-15.69	2535.33
-15.68	2489.29
-15.67	2444.01
-15.66	2399.46
-15.65	2355.63
-15.64	2312.53
-15.63	2270.12
-15.62	2228.41
-15.61	2187.38
-15.6	2147.03
-15.59	2107.34
-15.58	2068.31
-15.57	2029.91
-15.56	1992.16
-15.55	1955.03
-15.54	1918.51
-15.53	1882.6
-15.52	1847.29
-15.51	1812.56
-15.5	1778.42
-15.49	1744.85
-15.48	1711.83
-15.47	1679.38
-15.46	1647.47
-15.45	1616.09
-15.44	1585.25
-15.43	1554.92
-15.42	1525.11
-15.41	1495.81
-15.4	1467
-15.39	1438.68
-15.38	1410.85
-15.37	1383.49
-15.36	1356.59
-15.35	1330.16
-15.34	1304.19
-15.33	1278.66
-15.32	1253.57
-15.31	1228.91
-15.3	1204.68
-15.29	1180.87
-15.28	1157.47
-15.27	1134.48
-15.26	1111.89
-15.25	1089.69
-15.24	1067.89
-15.23	1046.46
-15.22	1025.41
-15.21	1004.73
-15.2	984.42
-15.19	964.465
-15.18	944.863
-15.17	925.608
-15.16	906.696
-15.15	888.12
-15.14	869.876
-15.13	851.958
-15.12	834.361
-15.11	817.08
-15.1	800.109
-15.09	783.444
-15.08	767.081
-15.07	751.013
-15.06	735.237
-15.05	719.748
-15.04	704.541
-15.03	689.611
-15.02	674.955
-15.01	660.567
-15	646.443
-14.99	632.58
-14.98	618.972
-14.97	605.616
-14.96	592.508
-14.95	579.643
-14.94	567.018
-14.93	554.628
-14.92	542.47
-14.91	530.54
-14.9	518.834
-14.89	507.349
-14.88	496.08
-14.87	485.025
-14.86	474.18
-14.85	463.54
-14.84	453.104
-14.83	442.867
-14.82	432.826
-14.81	422.977
-14.8	413.319
-14.79	403.846
-14.78	394.557
-14.77	385.449
-14.76	376.517
-14.75	367.759
-14.74	359.173
-14.73	350.754
-14.72	342.501
-14.71	334.411
-14.7	326.481
-14.69	318.707
-14.68	311.088
-14.67	303.62
-14.66	296.302
-14.65	289.13
-14.64	282.102
-14.63	275.216
-14.62	268.469
-14.61	261.858
-14.6	255.381
-14.59	249.036
-14.58	242.821
-14.57	236.734
-14.56	230.771
-14.55	224.931
-14.54	219.212
-14.53	213.611
-14.52	208.127
-14.51	202.757
-14.5	197.499
-14.49	192.352
-14.48	187.313
-14.47	182.38
-14.46	177.552
-14.45	172.827
-14.44	168.203
-14.43	163.677
-14.42	159.248
-14.41	154.915
-14.4	150.676
-14.39	146.528
-14.38	142.471
-14.37	138.502
-14.36	134.62
-14.35	130.824
-14.34	127.111
-14.33	123.481
-14.32	119.931
-14.31	116.46
-14.3	113.068
-14.29	109.751
-14.28	106.509
-14.27	103.341
-14.26	100.245
-14.25	97.2192
-14.24	94.2629
-14.23	91.3747
-14.22	88.5532
-14.21	85.7972
-14.2	83.1054
-14.19	80.4765
-14.18	77.9094
-14.17	75.4028
-14.16	72.9556
-14.15	70.5667
-14.14	68.2349
-14.13	65.959
-14.12	63.738
-14.11	61.5709
-14.1	59.4565
-14.09	57.3938
-14.08	55.3818
-14.07	53.4194
-14.06	51.5058
-14.05	49.6399
-14.04	47.8207
-14.03	46.0473
-14.02	44.3189
-14.01	42.6344
-14	40.993
-13.99	39.3939
-13.98	37.8361
-13.97	36.3188
-13.96	34.8411
-13.95	33.4024
-13.94	32.0016
-13.93	30.6382
-13.92	29.3112
-13.91	28.02
-13.9	26.7637
-13.89	25.5417
-13.88	24.3532
-13.87	23.1974
-13.86	22.0738
-13.85	20.9817
-13.84	19.9202
-13.83	18.8889
-13.82	17.887
-13.81	16.9139
-13.8	15.969
-13.79	15.0516
-13.78	14.1612
-13.77	13.2972
-13.76	12.4589
-13.75	11.6459
-13.74	10.8575
-13.73	10.0932
-13.72	9.35248
-13.71	8.63478
-13.7	7.93959
-13.69	7.26639
-13.68	6.61469
-13.67	5.984
-13.66	5.37382
-13.65	4.78369
-13.64	4.21314
-13.63	3.66171
-13.62	3.12896
-13.61	2.61444
-13.6	2.11773
-13.59	1.6384
-13.58	1.17604
-13.57	0.730233
-13.56	0.300591
-13.55	-0.113283
-13.54	-0.511771
-13.53	-0.89525
-13.52	-1.26409
-13.51	-1.61865
-13.5	-1.95929
-13.49	-2.28636
-13.48	-2.60019
-13.47	-2.90113
-13.46	-3.1895
-13.45	-3.46561
-13.44	-3.72979
-13.43	-3.98235
-13.42	-4.22358
-13.41	-4.45379
-13.4	-4.67326
-13.39	-4.88228
-13.38	-5.08113
-13.37	-5.27008
-13.36	-5.4494
-13.35	-5.61935
-13.34	-5.78018
-13.33	-5.93216
-13.32	-6.07552
-13.31	-6.2105
-13.3	-6.33735
-13.29	-6.45629
-13.28	-6.56755
-13.27	-6.67135
-13.26	-6.76791
-13.25	-6.85744
-13.24	-6.94015
-13.23	-7.01624
-13.22	-7.08591
-13.21	-7.14935
-13.2	-7.20676
-13.19	-7.25831
-13.18	-7.3042
-13.17	-7.34461
-13.16	-7.37969
-13.15	-7.40964
-13.14	-7.4346
-13.13	-7.45475
-13.12	-7.47025
-13.11	-7.48124
-13.1	-7.48789
-13.09	-7.49033
-13.08	-7.48872
-13.07	-7.4832
-13.06	-7.47391
-13.05	-7.46097
-13.04	-7.44453
-13.03	-7.42472
-13.02	-7.40165
-13.01	-7.37545
-13	-7.34624
-12.99	-7.31415
-12.98	-7.27928
-12.97	-7.24174
-12.96	-7.20165
-12.95	-7.15911
-12.94	-7.11422
-12.93	-7.06709
-12.92	-7.01781
-12.91	-6.96649
-12.9	-6.9132
-12.89	-6.85806
-12.88	-6.80114
-12.87	-6.74253
-12.86	-6.68231
-12.85	-6.62058
-12.84	-6.5574
-12.83	-6.49286
-12.82	-6.42703
-12.81	-6.35999
-12.8	-6.29181
-12.79	-6.22256
-12.78	-6.1523
-12.77	-6.08111
-12.76	-6.00904
-12.75	-5.93617
-12.74	-5.86254
-12.73	-5.78823
-12.72	-5.71329
-12.71	-5.63776
-12.7	-5.56172
-12.69	-5.48521
-12.68	-5.40828
-12.67	-5.33098
-12.66	-5.25336
-12.65	-5.17546
-12.64	-5.09734
-12.63	-5.01903
-12.62	-4.94058
-12.61	-4.86203
-12.6	-4.78342
-12.59	-4.70478
-12.58	-4.62616
-12.57	-4.54758
-12.56	-4.46909
-12.55	-4.39072
-12.54	-4.31251
-12.53	-4.23447
-12.52	-4.15665
-12.51	-4.07906
-12.5	-4.00175
-12.49	-3.92474
-12.48	-3.84805
-12.47	-3.7717
-12.46	-3.69573
-12.45	-3.62016
-12.44	-3.545
-12.43	-3.47029
-12.42	-3.39603
-12.41	-3.32226
-12.4	-3.24898
-12.39	-3.17622
-12.38	-3.104
-12.37	-3.03232
-12.36	-2.96121
-12.35	-2.89069
-12.34	-2.82076
-12.33	-2.75144
-12.32	-2.68274
-12.31	-2.61468
-12.3	-2.54726
-12.29	-2.4805
-12.28	-2.41441
-12.27	-2.34899
-12.26	-2.28427
-12.25	-2.22024
-12.24	-2.15691
-12.23	-2.09429
-12.22	-2.03239
-12.21	-1.97122
-12.2	-1.91077
-12.19	-1.85107
-12.18	-1.7921
-12.17	-1.73388
-12.16	-1.67641
-12.15	-1.61969
-12.14	-1.56373
-12.13	-1.50852
-12.12	-1.45408
-12.11	-1.40041
-12.1	-1.3475
-12.09	-1.29535
-12.08	-1.24398
-12.07	-1.19337
-12.06	-1.14354
-12.05	-1.09447
-12.04	-1.04617
-12.03	-0.998635
-12.02	-0.95187
-12.01	-0.90587
-12	-0.860636
-11.99	-0.816163
-11.98	-0.772452
-11.97	-0.729499
-11.96	-0.687301
-11.95	-0.645857
-11.94	-0.605163
-11.93	-0.565217
-11.92	-0.526013
-11.91	-0.48755
-11.9	-0.449823
-11.89	-0.412829
-11.88	-0.376563
-11.87	-0.34102
-11.86	-0.306198
-11.85	-0.27209
-11.84	-0.238692
-11.83	-0.206
-11.82	-0.174007
-11.81	-0.142709
-11.8	-0.112102
-11.79	-0.0821777
-11.78	-0.0529326
-11.77	-0.0243603
-11.76	0.00354473
-11.75	0.0307885
-11.74	0.0573769
-11.73	0.0833161
-11.72	0.108612
-11.71	0.133271
-11.7	0.1573
-11.69	0.180704
-11.68	0.20349
-11.67	0.225665
-11.66	0.247236
-11.65	0.268208
-11.64	0.288589
-11.63	0.308385
-11.62	0.327603
-11.61	0.346249
-11.6	0.364331
-11.59	0.381856
-11.58	0.39883
-11.57	0.41526
-11.56	0.431153
-11.55	0.446517
-11.54	0.461357
-11.53	0.475682
-11.52	0.489497
-11.51	0.502811
-11.5	0.515629
-11.49	0.52796
-11.48	0.53981
-11.47	0.551185
-11.46	0.562094
-11.45	0.572542
-11.44	0.582538
-11.43	0.592087
-11.42	0.601197
-11.41	0.609875
-11.4	0.618128
-11.39	0.625962
-11.38	0.633385
-11.37	0.640403
-11.36	0.647023
-11.35	0.653252
-11.34	0.659097
-11.33	0.664564
-11.32	0.66966
-11.31	0.674391
-11.3	0.678765
-11.29	0.682788
-11.28	0.686467
-11.27	0.689807
-11.26	0.692816
-11.25	0.6955
-11.24	0.697865
-11.23	0.699918
-11.22	0.701665
-11.21	0.703112
-11.2	0.704265
-11.19	0.705131
-11.18	0.705715
-11.17	0.706024
-11.16	0.706064
-11.15	0.705841
-11.14	0.70536
-11.13	0.704628
-11.12	0.703649
-11.11	0.702431
-11.1	0.700979
-11.09	0.699297
-11.08	0.697393
-11.07	0.695271
-11.06	0.692937
-11.05	0.690397
-11.04	0.687655
-11.03	0.684717
-11.02	0.681588
-11.01	0.678273
-11	0.674779
-10.99	0.671109
-10.98	0.667268
-10.97	0.663262
-10.96	0.659096
-10.95	0.654773
-10.94	0.6503
-10.93	0.645681
-10.92	0.64092
-10.91	0.636023
-10.9	0.630992
-10.89	0.625834
-10.88	0.620553
-10.87	0.615152
-10.86	0.609637
-10.85	0.604011
-10.84	0.598278
-10.83	0.592444
-10.82	0.586511
-10.81	0.580484
-10.8	0.574367
-10.79	0.568163
-10.78	0.561877
-10.77	0.555512
-10.76	0.549072
-10.75	0.54256
-10.74	0.535981
-10.73	0.529338
-10.72	0.522634
-10.71	0.515873
-10.7	0.509057
-10.69	0.502191
-10.68	0.495278
-10.67	0.48832
-10.66	0.481322
-10.65	0.474286
-10.64	0.467214
-10.63	0.460111
-10.62	0.452979
-10.61	0.445821
-10.6	0.438639
-10.59	0.431437
-10.58	0.424217
-10.57	0.416983
-10.56	0.409735
-10.55	0.402478
-10.54	0.395213
-10.53	0.387943
-10.52	0.380671
-10.51	0.373399
-10.5	0.366129
-10.49	0.358863
-10.48	0.351603
-10.47	0.344353
-10.46	0.337113
-10.45	0.329886
-10.44	0.322674
-10.43	0.31548
-10.42	0.308304
-10.41	0.301149
-10.4	0.294016
-10.39	0.286908
-10.38	0.279826
-10.37	0.272772
-10.36	0.265747
-10.35	0.258753
-10.34	0.251793
-10.33	0.244866
-10.32	0.237975
-10.31	0.231122
-10.3	0.224307
-10.29	0.217532
-10.28	0.210798
-10.27	0.204107
-10.26	0.19746
-10.25	0.190858
-10.24	0.184303
-10.23	0.177795
-10.22	0.171335
-10.21	0.164925
-10.2	0.158565
-10.19	0.152258
-10.18	0.146002
-10.17	0.139801
-10.16	0.133654
-10.15	0.127562
-10.14	0.121526
-10.13	0.115547
-10.12	0.109626
-10.11	0.103764
-10.1	0.0979604
-10.09	0.0922168
-10.08	0.0865337
-10.07	0.0809116
-10.06	0.0753513
-10.05	0.0698531
-10.04	0.0644177
-10.03	0.0590455
-10.02	0.0537371
-10.01	0.0484928
-10	0.0433131
-9.99	0.0381983
-9.98	0.033149
-9.97	0.0281652
-9.96	0.0232475
-9.95	0.0183961
-9.94	0.0136112
-9.93	0.00889315
-9.92	0.00424209
-9.91	-0.00034175
-9.9	-0.0048582
-9.89	-0.00930711
-9.88	-0.0136884
-9.87	-0.0180018
-9.86	-0.0222474
-9.85	-0.026425
-9.84	-0.0305347
-9.83	-0.0345763
-9.82	-0.0385499
-9.81	-0.0424555
-9.8	-0.046293
-9.79	-0.0500627
-9.78	-0.0537644
-9.77	-0.0573984
-9.76	-0.0609646
-9.75	-0.0644632
-9.74	-0.0678944
-9.73	-0.0712583
-9.72	-0.074555
-9.71	-0.0777847
-9.7	-0.0809477
-9.69	-0.084044
-9.68	-0.087074
-9.67	-0.0900379
-9.66	-0.092936
-9.65	-0.0957684
-9.64	-0.0985354
-9.63	-0.101237
-9.62	-0.103875
-9.61	-0.106448
-9.6	-0.108956
-9.59	-0.111401
-9.58	-0.113783
-9.57	-0.116101
-9.56	-0.118357
-9.55	-0.12055
-9.54	-0.122681
-9.53	-0.124751
-9.52	-0.12676
-9.51	-0.128708
-9.5	-0.130595
-9.49	-0.132423
-9.48	-0.134191
-9.47	-0.1359
-9.46	-0.137551
-9.45	-0.139144
-9.44	-0.140679
-9.43	-0.142156
-9.42	-0.143578
-9.41	-0.144943
-9.4	-0.146252
-9.39	-0.147506
-9.38	-0.148705
-9.37	-0.149851
-9.36	-0.150942
-9.35	-0.151981
-9.34	-0.152967
-9.33	-0.153901
-9.32	-0.154783
-9.31	-0.155614
-9.3	-0.156395
-9.29	-0.157126
-9.28	-0.157808
-9.27	-0.158441
-9.26	-0.159025
-9.25	-0.159562
-9.24	-0.160052
-9.23	-0.160495
-9.22	-0.160892
-9.21	-0.161244
-9.2	-0.161551
-9.19	-0.161814
-9.18	-0.162032
-9.17	-0.162208
-9.16	-0.162342
-9.15	-0.162433
-9.14	-0.162483
-9.13	-0.162492
-9.12	-0.162461
-9.11	-0.16239
-9.1	-0.16228
-9.09	-0.162132
-9.08	-0.161945
-9.07	-0.161722
-9.06	-0.161462
-9.05	-0.161165
-9.04	-0.160833
-9.03	-0.160466
-9.02	-0.160064
-9.01	-0.159629
-9	-0.15916
-8.99	-0.158659
-8.98	-0.158125
-8.97	-0.15756
-8.96	-0.156964
-8.95	-0.156338
-8.94	-0.155682
-8.93	-0.154996
-8.92	-0.154282
-8.91	-0.153539
-8.9	-0.152769
-8.89	-0.151972
-8.88	-0.151149
-8.87	-0.150299
-8.86	-0.149425
-8.85	-0.148525
-8.84	-0.147601
-8.83	-0.146654
-8.82	-0.145683
-8.81	-0.144689
-8.8	-0.143674
-8.79	-0.142637
-8.78	-0.141578
-8.77	-0.1405
-8.76	-0.139401
-8.75	-0.138283
-8.74	-0.137146
-8.73	-0.13599
-8.72	-0.134816
-8.71	-0.133625
-8.7	-0.132417
-8.69	-0.131193
-8.68	-0.129952
-8.67	-0.128696
-8.66	-0.127425
-8.65	-0.12614
-8.64	-0.12484
-8.63	-0.123528
-8.62	-0.122201
-8.61	-0.120863
-8.6	-0.119512
-8.59	-0.11815
-8.58	-0.116776
-8.57	-0.115391
-8.56	-0.113996
-8.55	-0.112592
-8.54	-0.111178
-8.53	-0.109754
-8.52	-0.108323
-8.51	-0.106883
-8.5	-0.105435
-8.49	-0.10398
-8.48	-0.102518
-8.47	-0.101049
-8.46	-0.0995746
-8.45	-0.0980942
-8.44	-0.0966085
-8.43	-0.0951179
-8.42	-0.0936228
-8.41	-0.0921235
-8.4	-0.0906203
-8.39	-0.0891138
-8.38	-0.0876042
-8.37	-0.0860919
-8.36	-0.0845773
-8.35	-0.0830607
-8.34	-0.0815424
-8.33	-0.0800229
-8.32	-0.0785023
-8.31	-0.0769812
-8.3	-0.0754598
-8.29	-0.0739384
-8.28	-0.0724174
-8.27	-0.070897
-8.26	-0.0693777
-8.25	-0.0678596
-8.24	-0.0663431
-8.23	-0.0648285
-8.22	-0.0633161
-8.21	-0.0618061
-8.2	-0.0602989
-8.19	-0.0587947
-8.18	-0.0572939
-8.17	-0.0557966
-8.16	-0.0543032
-8.15	-0.0528139
-8.14	-0.0513289
-8.13	-0.0498486
-8.12	-0.0483731
-8.11	-0.0469028
-8.1	-0.0454378
-8.09	-0.0439784
-8.08	-0.0425248
-8.07	-0.0410772
-8.06	-0.0396359
-8.05	-0.0382011
-8.04	-0.036773
-8.03	-0.0353518
-8.02	-0.0339377
-8.01	-0.0325309
-8	-0.0311316
-7.99	-0.02974
-7.98	-0.0283563
-7.97	-0.0269807
-7.96	-0.0256133
-7.95	-0.0242543
-7.94	-0.022904
-7.93	-0.0215624
-7.92	-0.0202298
-7.91	-0.0189062
-7.9	-0.0175919
-7.89	-0.016287
-7.88	-0.0149916
-7.87	-0.0137059
-7.86	-0.0124301
-7.85	-0.0111642
-7.84	-0.00990845
-7.83	-0.0086629
-7.82	-0.00742771
-7.81	-0.006203
-7.8	-0.00498888
-7.79	-0.00378546
-7.78	-0.00259287
-7.77	-0.0014112
-7.76	-0.000240561
-7.75	0.00091895
-7.74	0.00206723
-7.73	0.0032042
-7.72	0.00432976
-7.71	0.00544382
-7.7	0.00654631
-7.69	0.00763714
-7.68	0.00871624
-7.67	0.00978353
-7.66	0.0108389
-7.65	0.0118824
-7.64	0.0129139
-7.63	0.0139333
-7.62	0.0149406
-7.61	0.0159357
-7.6	0.0169186
-7.59	0.0178892
-7.58	0.0188474
-7.57	0.0197934
-7.56	0.0207269
-7.55	0.021648
-7.54	0.0225566
-7.53	0.0234527
-7.52	0.0243362
-7.51	0.0252073
-7.5	0.0260657
-7.49	0.0269115
-7.48	0.0277448
-7.47	0.0285654
-7.46	0.0293733
-7.45	0.0301686
-7.44	0.0309513
-7.43	0.0317212
-7.42	0.0324786
-7.41	0.0332232
-7.4	0.0339552
-7.39	0.0346745
-7.38	0.0353812
-7.37	0.0360753
-7.36	0.0367567
-7.35	0.0374255
-7.34	0.0380817
-7.33	0.0387253
-7.32	0.0393564
-7.31	0.0399749
-7.3	0.0405809
-7.29	0.0411744
-7.28	0.0417555
-7.27	0.0423241
-7.26	0.0428804
-7.25	0.0434243
-7.24	0.0439558
-7.23	0.0444751
-7.22	0.0449821
-7.21	0.0454769
-7.2	0.0459596
-7.19	0.0464301
-7.18	0.0468886
-7.17	0.047335
-7.16	0.0477694
-7.15	0.048192
-7.14	0.0486026
-7.13	0.0490015
-7.12	0.0493886
-7.11	0.049764
-7.1	0.0501277
-7.09	0.0504798
-7.08	0.0508205
-7.07	0.0511496
-7.06	0.0514674
-7.05	0.0517738
-7.04	0.052069
-7.03	0.052353
-7.02	0.0526258
-7.01	0.0528876
-7	0.0531383
-6.99	0.0533782
-6.98	0.0536072
-6.97	0.0538255
-6.96	0.054033
-6.95	0.05423
-6.94	0.0544164
-6.93	0.0545923
-6.92	0.0547579
-6.91	0.0549131
-6.9	0.0550581
-6.89	0.055193
-6.88	0.0553178
-6.87	0.0554326
-6.86	0.0555376
-6.85	0.0556327
-6.84	0.0557181
-6.83	0.0557939
-6.82	0.0558601
-6.81	0.0559169
-6.8	0.0559643
-6.79	0.0560024
-6.78	0.0560313
-6.77	0.0560511
-6.76	0.0560619
-6.75	0.0560637
-6.74	0.0560568
-6.73	0.056041
-6.72	0.0560167
-6.71	0.0559837
-6.7	0.0559423
-6.69	0.0558925
-6.68	0.0558345
-6.67	0.0557682
-6.66	0.0556939
-6.65	0.0556115
-6.64	0.0555213
-6.63	0.0554232
-6.62	0.0553175
-6.61	0.0552041
-6.6	0.0550832
-6.59	0.0549549
-6.58	0.0548192
-6.57	0.0546763
-6.56	0.0545263
-6.55	0.0543692
-6.54	0.0542052
-6.53	0.0540343
-6.52	0.0538567
-6.51	0.0536724
-6.5	0.0534815
-6.49	0.0532842
-6.48	0.0530805
-6.47	0.0528706
-6.46	0.0526545
-6.45	0.0524323
-6.44	0.0522041
-6.43	0.05197
-6.42	0.0517301
-6.41	0.0514846
-6.4	0.0512334
-6.39	0.0509767
-6.38	0.0507147
-6.37	0.0504473
-6.36	0.0501747
-6.35	0.0498969
-6.34	0.0496142
-6.33	0.0493265
-6.32	0.0490339
-6.31	0.0487366
-6.3	0.0484347
-6.29	0.0481282
-6.28	0.0478172
-6.27	0.0475019
-6.26	0.0471822
-6.25	0.0468584
-6.24	0.0465305
-6.23	0.0461986
-6.22	0.0458627
-6.21	0.0455231
-6.2	0.0451796
-6.19	0.0448326
-6.18	0.044482
-6.17	0.0441279
-6.16	0.0437704
-6.15	0.0434096
-6.14	0.0430457
-6.13	0.0426786
-6.12	0.0423085
-6.11	0.0419354
-6.1	0.0415595
-6.09	0.0411808
-6.08	0.0407994
-6.07	0.0404154
-6.06	0.0400288
-6.05	0.0396399
-6.04	0.0392486
-6.03	0.038855
-6.02	0.0384592
-6.01	0.0380613
-6	0.0376613
-5.99	0.0372595
-5.98	0.0368557
-5.97	0.0364501
-5.96	0.0360429
-5.95	0.035634
-5.94	0.0352235
-5.93	0.0348116
-5.92	0.0343982
-5.91	0.0339835
-5.9	0.0335675
-5.89	0.0331504
-5.88	0.0327321
-5.87	0.0323129
-5.86	0.0318926
-5.85	0.0314714
-5.84	0.0310495
-5.83	0.0306267
-5.82	0.0302033
-5.81	0.0297793
-5.8	0.0293547
-5.79	0.0289296
-5.78	0.0285042
-5.77	0.0280783
-5.76	0.0276522
-5.75	0.0272259
-5.74	0.0267995
-5.73	0.0263729
-5.72	0.0259463
-5.71	0.0255198
-5.7	0.0250933
-5.69	0.024667
-5.68	0.024241
-5.67	0.0238152
-5.66	0.0233898
-5.65	0.0229647
-5.64	0.0225401
-5.63	0.022116
-5.62	0.0216925
-5.61	0.0212696
-5.6	0.0208474
-5.59	0.020426
-5.58	0.0200053
-5.57	0.0195854
-5.56	0.0191665
-5.55	0.0187485
-5.54	0.0183315
-5.53	0.0179155
-5.52	0.0175006
-5.51	0.0170869
-5.5	0.0166743
-5.49	0.016263
-5.48	0.015853
-5.47	0.0154443
-5.46	0.015037
-5.45	0.0146311
-5.44	0.0142266
-5.43	0.0138237
-5.42	0.0134223
-5.41	0.0130226
-5.4	0.0126244
-5.39	0.0122279
-5.38	0.0118332
-5.37	0.0114402
-5.36	0.011049
-5.35	0.0106596
-5.34	0.0102721
-5.33	0.00988646
-5.32	0.00950279
-5.31	0.00912109
-5.3	0.00874141
-5.29	0.00836376
-5.28	0.0079882
-5.27	0.00761475
-5.26	0.00724343
-5.25	0.0068743
-5.24	0.00650736
-5.23	0.00614266
-5.22	0.00578022
-5.21	0.00542008
-5.2	0.00506226
-5.19	0.00470679
-5.18	0.00435369
-5.17	0.00400299
-5.16	0.00365472
-5.15	0.00330891
-5.14	0.00296557
-5.13	0.00262473
-5.12	0.00228642
-5.11	0.00195065
-5.1	0.00161745
-5.09	0.00128685
-5.08	0.000958854
-5.07	0.000633492
-5.06	0.000310782
-5.05	-9.2569e-06
-5.04	-0.000326606
-5.03	-0.000641248
-5.02	-0.000953165
-5.01	-0.00126234
-5	-0.00156876
-4.99	-0.0018724
-4.98	-0.00217325
-4.97	-0.0024713
-4.96	-0.00276654
-4.95	-0.00305894
-4.94	-0.00334849
-4.93	-0.00363519
-4.92	-0.00391902
-4.91	-0.00419997
-4.9	-0.00447802
-4.89	-0.00475318
-4.88	-0.00502542
-4.87	-0.00529475
-4.86	-0.00556114
-4.85	-0.00582459
-4.84	-0.0060851
-4.83	-0.00634266
-4.82	-0.00659725
-4.81	-0.00684888
-4.8	-0.00709753
-4.79	-0.00734321
-4.78	-0.0075859
-4.77	-0.0078256
-4.76	-0.00806231
-4.75	-0.00829603
-4.74	-0.00852675
-4.73	-0.00875446
-4.72	-0.00897917
-4.71	-0.00920088
-4.7	-0.00941958
-4.69	-0.00963527
-4.68	-0.00984795
-4.67	-0.0100576
-4.66	-0.0102643
-4.65	-0.010468
-4.64	-0.0106686
-4.63	-0.0108662
-4.62	-0.0110609
-4.61	-0.0112525
-4.6	-0.0114412
-4.59	-0.0116268
-4.58	-0.0118095
-4.57	-0.0119891
-4.56	-0.0121658
-4.55	-0.0123395
-4.54	-0.0125103
-4.53	-0.012678
-4.52	-0.0128428
-4.51	-0.0130047
-4.5	-0.0131636
-4.49	-0.0133195
-4.48	-0.0134725
-4.47	-0.0136226
-4.46	-0.0137698
-4.45	-0.013914
-4.44	-0.0140553
-4.43	-0.0141938
-4.42	-0.0143293
-4.41	-0.014462
-4.4	-0.0145918
-4.39	-0.0147187
-4.38	-0.0148428
-4.37	-0.0149641
-4.36	-0.0150825
-4.35	-0.0151981
-4.34	-0.0153109
-4.33	-0.0154209
-4.32	-0.0155281
-4.31	-0.0156325
-4.3	-0.0157342
-4.29	-0.0158332
-4.28	-0.0159294
-4.27	-0.0160228
-4.26	-0.0161136
-4.25	-0.0162017
-4.24	-0.0162871
-4.23	-0.0163698
-4.22	-0.0164499
-4.21	-0.0165273
-4.2	-0.0166021
-4.19	-0.0166743
-4.18	-0.0167439
-4.17	-0.0168109
-4.16	-0.0168754
-4.15	-0.0169373
-4.14	-0.0169967
-4.13	-0.0170535
-4.12	-0.0171079
-4.11	-0.0171598
-4.1	-0.0172092
-4.09	-0.0172561
-4.08	-0.0173006
-4.07	-0.0173427
-4.06	-0.0173824
-4.05	-0.0174197
-4.04	-0.0174547
-4.03	-0.0174873
-4.02	-0.0175175
-4.01	-0.0175455
-4	-0.0175711
-3.99	-0.0175945
-3.98	-0.0176156
-3.97	-0.0176344
-3.96	-0.0176511
-3.95	-0.0176655
-3.94	-0.0176778
-3.93	-0.0176878
-3.92	-0.0176958
-3.91	-0.0177015
-3.9	-0.0177052
-3.89	-0.0177068
-3.88	-0.0177063
-3.87	-0.0177038
-3.86	-0.0176992
-3.85	-0.0176926
-3.84	-0.017684
-3.83	-0.0176735
-3.82	-0.017661
-3.81	-0.0176465
-3.8	-0.0176301
-3.79	-0.0176118
-3.78	-0.0175917
-3.77	-0.0175697
-3.76	-0.0175458
-3.75	-0.0175201
-3.74	-0.0174927
-3.73	-0.0174634
-3.72	-0.0174324
-3.71	-0.0173996
-3.7	-0.0173652
-3.69	-0.017329
-3.68	-0.0172912
-3.67	-0.0172516
-3.66	-0.0172105
-3.65	-0.0171677
-3.64	-0.0171234
-3.63	-0.0170774
-3.62	-0.0170299
-3.61	-0.0169809
-3.6	-0.0169303
-3.59	-0.0168783
-3.58	-0.0168248
-3.57	-0.0167698
-3.56	-0.0167134
-3.55	-0.0166555
-3.54	-0.0165963
-3.53	-0.0165357
-3.52	-0.0164737
-3.51	-0.0164104
-3.5	-0.0163458
-3.49	-0.0162799
-3.48	-0.0162127
-3.47	-0.0161443
-3.46	-0.0160746
-3.45	-0.0160037
-3.44	-0.0159317
-3.43	-0.0158584
-3.42	-0.015784
-3.41	-0.0157084
-3.4	-0.0156318
-3.39	-0.015554
-3.38	-0.0154752
-3.37	-0.0153953
-3.36	-0.0153143
-3.35	-0.0152324
-3.34	-0.0151494
-3.33	-0.0150655
-3.32	-0.0149806
-3.31	-0.0148947
-3.3	-0.014808
-3.29	-0.0147203
-3.28	-0.0146318
-3.27	-0.0145424
-3.26	-0.0144521
-3.25	-0.014361
-3.24	-0.0142691
-3.23	-0.0141764
-3.22	-0.014083
-3.21	-0.0139888
-3.2	-0.0138938
-3.19	-0.0137982
-3.18	-0.0137018
-3.17	-0.0136048
-3.16	-0.0135071
-3.15	-0.0134087
-3.14	-0.0133098
-3.13	-0.0132102
-3.12	-0.01311
-3.11	-0.0130093
-3.1	-0.012908
-3.09	-0.0128061
-3.08	-0.0127038
-3.07	-0.0126009
-3.06	-0.0124975
-3.05	-0.0123937
-3.04	-0.0122894
-3.03	-0.0121847
-3.02	-0.0120796
-3.01	-0.0119741
-3	-0.0118681
-2.99	-0.0117618
-2.98	-0.0116552
-2.97	-0.0115482
-2.96	-0.0114409
-2.95	-0.0113333
-2.94	-0.0112254
-2.93	-0.0111172
-2.92	-0.0110087
-2.91	-0.0109001
-2.9	-0.0107911
-2.89	-0.010682
-2.88	-0.0105727
-2.87	-0.0104632
-2.86	-0.0103535
-2.85	-0.0102437
-2.84	-0.0101337
-2.83	-0.0100236
-2.82	-0.00991337
-2.81	-0.00980306
-2.8	-0.00969267
-2.79	-0.00958221
-2.78	-0.0094717
-2.77	-0.00936114
-2.76	-0.00925056
-2.75	-0.00913996
-2.74	-0.00902936
-2.73	-0.00891878
-2.72	-0.00880822
-2.71	-0.0086977
-2.7	-0.00858723
-2.69	-0.00847682
-2.68	-0.00836649
-2.67	-0.00825625
-2.66	-0.00814611
-2.65	-0.00803608
-2.64	-0.00792618
-2.63	-0.00781642
-2.62	-0.0077068
-2.61	-0.00759735
-2.6	-0.00748807
-2.59	-0.00737897
-2.58	-0.00727006
-2.57	-0.00716137
-2.56	-0.00705288
-2.55	-0.00694463
-2.54	-0.00683662
-2.53	-0.00672885
-2.52	-0.00662134
-2.51	-0.00651411
-2.5	-0.00640715
-2.49	-0.00630049
-2.48	-0.00619412
-2.47	-0.00608806
-2.46	-0.00598233
-2.45	-0.00587692
-2.44	-0.00577185
-2.43	-0.00566713
-2.42	-0.00556277
-2.41	-0.00545877
-2.4	-0.00535515
-2.39	-0.00525191
-2.38	-0.00514906
-2.37	-0.00504661
-2.36	-0.00494458
-2.35	-0.00484295
-2.34	-0.00474176
-2.33	-0.004641
-2.32	-0.00454068
-2.31	-0.00444081
-2.3	-0.00434139
-2.29	-0.00424244
-2.28	-0.00414397
-2.27	-0.00404597
-2.26	-0.00394845
-2.25	-0.00385143
-2.24	-0.00375491
-2.23	-0.00365889
-2.22	-0.00356339
-2.21	-0.00346841
-2.2	-0.00337395
-2.19	-0.00328002
-2.18	-0.00318663
-2.17	-0.00309379
-2.16	-0.00300149
-2.15	-0.00290976
-2.14	-0.00281858
-2.13	-0.00272797
-2.12	-0.00263793
-2.11	-0.00254846
-2.1	-0.00245958
-2.09	-0.00237129
-2.08	-0.00228359
-2.07	-0.00219649
-2.06	-0.00210998
-2.05	-0.00202409
-2.04	-0.0019388
-2.03	-0.00185413
-2.02	-0.00177008
-2.01	-0.00168665
-2	-0.00160385
-1.99	-0.00152168
-1.98	-0.00144014
-1.97	-0.00135924
-1.96	-0.00127898
-1.95	-0.00119937
-1.94	-0.00112041
-1.93	-0.0010421
-1.92	-0.000964438
-1.91	-0.000887438
-1.9	-0.000811099
-1.89	-0.000735422
-1.88	-0.000660412
-1.87	-0.00058607
-1.86	-0.000512398
-1.85	-0.0004394
-1.84	-0.000367077
-1.83	-0.000295431
-1.82	-0.000224465
-1.81	-0.00015418
-1.8	-8.45778e-05
-1.79	-1.56609e-05
-1.78	5.25695e-05
-1.77	0.000120112
-1.76	0.000186965
-1.75	0.000253127
-1.74	0.000318597
-1.73	0.000383374
-1.72	0.000447457
-1.71	0.000510845
-1.7	0.000573537
-1.69	0.000635532
-1.68	0.000696829
-1.67	0.000757429
-1.66	0.00081733
-1.65	0.000876532
-1.64	0.000935035
-1.63	0.000992839
-1.62	0.00104994
-1.61	0.00110635
-1.6	0.00116205
-1.59	0.00121706
-1.58	0.00127136
-1.57	0.00132497
-1.56	0.00137788
-1.55	0.00143009
-1.54	0.0014816
-1.53	0.00153241
-1.52	0.00158253
-1.51	0.00163195
-1.5	0.00168068
-1.49	0.00172872
-1.48	0.00177606
-1.47	0.00182271
-1.46	0.00186866
-1.45	0.00191393
-1.44	0.00195851
-1.43	0.0020024
-1.42	0.00204561
-1.41	0.00208813
-1.4	0.00212997
-1.39	0.00217113
-1.38	0.00221161
-1.37	0.00225142
-1.36	0.00229054
-1.35	0.002329
-1.34	0.00236678
-1.33	0.00240389
-1.32	0.00244033
-1.31	0.00247611
-1.3	0.00251122
-1.29	0.00254567
-1.28	0.00257947
-1.27	0.0026126
-1.26	0.00264509
-1.25	0.00267692
-1.24	0.0027081
-1.23	0.00273863
-1.22	0.00276852
-1.21	0.00279777
-1.2	0.00282638
-1.19	0.00285436
-1.18	0.0028817
-1.17	0.00290841
-1.16	0.00293449
-1.15	0.00295995
-1.14	0.00298479
-1.13	0.00300901
-1.12	0.00303262
-1.11	0.00305561
-1.1	0.003078
-1.09	0.00309977
-1.08	0.00312095
-1.07	0.00314153
-1.06	0.00316151
-1.05	0.00318091
-1.04	0.00319971
-1.03	0.00321793
-1.02	0.00323556
-1.01	0.00325262
-1	0.00326911
-0.99	0.00328502
-0.98	0.00330037
-0.97	0.00331515
-0.96	0.00332937
-0.95	0.00334304
-0.94	0.00335615
-0.93	0.00336872
-0.92	0.00338075
-0.91	0.00339223
-0.9	0.00340317
-0.89	0.00341359
-0.88	0.00342347
-0.87	0.00343283
-0.86	0.00344167
-0.85	0.00345
-0.84	0.00345781
-0.83	0.00346511
-0.82	0.00347191
-0.81	0.00347821
-0.8	0.00348401
-0.79	0.00348932
-0.78	0.00349414
-0.77	0.00349848
-0.76	0.00350235
-0.75	0.00350573
-0.74	0.00350865
-0.73	0.0035111
-0.72	0.00351308
-0.71	0.00351461
-0.7	0.00351569
-0.69	0.00351632
-0.68	0.0035165
-0.67	0.00351625
-0.66	0.00351555
-0.65	0.00351443
-0.64	0.00351288
-0.63	0.00351091
-0.62	0.00350851
-0.61	0.00350571
-0.6	0.00350249
-0.59	0.00349888
-0.58	0.00349486
-0.57	0.00349044
-0.56	0.00348564
-0.55	0.00348044
-0.54	0.00347487
-0.53	0.00346892
-0.52	0.00346259
-0.51	0.00345589
-0.5	0.00344883
-0.49	0.00344142
-0.48	0.00343364
-0.47	0.00342552
-0.46	0.00341704
-0.45	0.00340823
-0.44	0.00339908
-0.43	0.0033896
-0.42	0.00337978
-0.41	0.00336965
-0.4	0.00335919
-0.39	0.00334843
-0.38	0.00333735
-0.37	0.00332596
-0.36	0.00331427
-0.35	0.00330229
-0.34	0.00329001
-0.33	0.00327745
-0.32	0.0032646
-0.31	0.00325148
-0.3	0.00323808
-0.29	0.00322441
-0.28	0.00321047
-0.27	0.00319627
-0.26	0.00318182
-0.25	0.00316711
-0.24	0.00315216
-0.23	0.00313696
-0.22	0.00312152
-0.21	0.00310585
-0.2	0.00308994
-0.19	0.00307381
-0.18	0.00305746
-0.17	0.00304089
-0.16	0.00302411
-0.15	0.00300712
-0.14	0.00298992
-0.13	0.00297253
-0.12	0.00295494
-0.11	0.00293715
-0.1	0.00291918
-0.09	0.00290102
-0.08	0.00288269
-0.07	0.00286417
-0.06	0.00284549
-0.05	0.00282664
-0.04	0.00280763
-0.03	0.00278846
-0.02	0.00276913
-0.01	0.00274966
0	0.00273003
0.01	0.00271027
0.02	0.00269036
0.03	0.00267032
0.04	0.00265015
0.05	0.00262986
0.06	0.00260944
0.07	0.0025889
0.08	0.00256824
0.09	0.00254748
0.1	0.0025266
0.11	0.00250563
0.12	0.00248455
0.13	0.00246338
0.14	0.00244211
0.15	0.00242076
0.16	0.00239932
0.17	0.0023778
0.18	0.0023562
0.19	0.00233453
0.2	0.00231279
0.21	0.00229098
0.22	0.0022691
0.23	0.00224717
0.24	0.00222518
0.25	0.00220314
0.26	0.00218105
0.27	0.00215891
0.28	0.00213673
0.29	0.00211452
0.3	0.00209226
0.31	0.00206997
0.32	0.00204766
0.33	0.00202531
0.34	0.00200295
0.35	0.00198056
0.36	0.00195816
0.37	0.00193575
0.38	0.00191333
0.39	0.00189089
0.4	0.00186846
0.41	0.00184602
0.42	0.00182359
0.43	0.00180116
0.44	0.00177874
0.45	0.00175633
0.46	0.00173394
0.47	0.00171156
0.48	0.0016892
0.49	0.00166686
0.5	0.00164455
0.51	0.00162227
0.52	0.00160002
0.53	0.0015778
0.54	0.00155562
0.55	0.00153348
0.56	0.00151138
0.57	0.00148932
0.58	0.00146731
0.59	0.00144535
0.6	0.00142344
0.61	0.00140159
0.62	0.00137979
0.63	0.00135805
0.64	0.00133638
0.65	0.00131476
0.66	0.00129322
0.67	0.00127174
0.68	0.00125033
0.69	0.001229
0.7	0.00120774
0.71	0.00118656
0.72	0.00116546
0.73	0.00114444
0.74	0.00112351
0.75	0.00110266
0.76	0.0010819
0.77	0.00106122
0.78	0.00104065
0.79	0.00102016
0.8	0.000999772
0.81	0.000979481
0.82	0.000959289
0.83	0.0009392
0.84	0.000919214
0.85	0.000899333
0.86	0.000879559
0.87	0.000859893
0.88	0.000840338
0.89	0.000820896
0.9	0.000801566
0.91	0.000782353
0.92	0.000763256
0.93	0.000744277
0.94	0.000725419
0.95	0.000706682
0.96	0.000688067
0.97	0.000669578
0.98	0.000651214
0.99	0.000632977
1	0.000614869
1.01	0.000596891
1.02	0.000579043
1.03	0.000561329
1.04	0.000543748
1.05	0.000526302
1.06	0.000508992
1.07	0.000491819
1.08	0.000474785
1.09	0.00045789
1.1	0.000441136
1.11	0.000424523
1.12	0.000408053
1.13	0.000391727
1.14	0.000375546
1.15	0.00035951
1.16	0.00034362
1.17	0.000327878
1.18	0.000312285
1.19	0.00029684
1.2	0.000281546
1.21	0.000266402
1.22	0.000251409
1.23	0.000236569
1.24	0.000221882
1.25	0.000207348
1.26	0.000192969
1.27	0.000178745
1.28	0.000164676
1.29	0.000150763
1.3	0.000137007
1.31	0.000123409
1.32	0.000109968
1.33	9.66851e-05
1.34	8.35611e-05
1.35	7.05963e-05
1.36	5.7791e-05
1.37	4.51457e-05
1.38	3.26608e-05
1.39	2.03365e-05
1.4	8.17316e-06
1.41	-3.82883e-06
1.42	-1.56692e-05
1.43	-2.73478e-05
1.44	-3.88643e-05
1.45	-5.02186e-05
1.46	-6.14104e-05
1.47	-7.24395e-05
1.48	-8.33059e-05
1.49	-9.40094e-05
1.5	-0.00010455
1.51	-0.000114927
1.52	-0.000125142
1.53	-0.000135193
1.54	-0.000145081
1.55	-0.000154805
1.56	-0.000164367
1.57	-0.000173766
1.58	-0.000183001
1.59	-0.000192074
1.6	-0.000200984
1.61	-0.000209731
1.62	-0.000218315
1.63	-0.000226737
1.64	-0.000234997
1.65	-0.000243095
1.66	-0.000251031
1.67	-0.000258806
1.68	-0.000266419
1.69	-0.000273871
1.7	-0.000281163
1.71	-0.000288294
1.72	-0.000295266
1.73	-0.000302077
1.74	-0.000308729
1.75	-0.000315223
1.76	-0.000321557
1.77	-0.000327734
1.78	-0.000333753
1.79	-0.000339615
1.8	-0.00034532
1.81	-0.000350869
1.82	-0.000356262
1.83	-0.000361499
1.84	-0.000366583
1.85	-0.000371511
1.86	-0.000376287
1.87	-0.000380909
1.88	-0.000385379
1.89	-0.000389697
1.9	-0.000393864
1.91	-0.00039788
1.92	-0.000401747
1.93	-0.000405464
1.94	-0.000409032
1.95	-0.000412453
1.96	-0.000415727
1.97	-0.000418854
1.98	-0.000421836
1.99	-0.000424672
2	-0.000427365
2.01	-0.000429914
2.02	-0.00043232
2.03	-0.000434584
2.04	-0.000436708
2.05	-0.000438691
2.06	-0.000440535
2.07	-0.00044224
2.08	-0.000443808
2.09	-0.000445239
2.1	-0.000446534
2.11	-0.000447694
2.12	-0.000448719
2.13	-0.000449612
2.14	-0.000450372
2.15	-0.000451
2.16	-0.000451499
2.17	-0.000451867
2.18	-0.000452107
2.19	-0.00045222
2.2	-0.000452206
2.21	-0.000452066
2.22	-0.000451801
2.23	-0.000451413
2.24	-0.000450903
2.25	-0.00045027
2.26	-0.000449517
2.27	-0.000448644
2.28	-0.000447653
2.29	-0.000446544
2.3	-0.000445319
2.31	-0.000443979
2.32	-0.000442524
2.33	-0.000440956
2.34	-0.000439276
2.35	-0.000437484
2.36	-0.000435583
2.37	-0.000433573
2.38	-0.000431455
2.39	-0.00042923
2.4	-0.0004269
2.41	-0.000424465
2.42	-0.000421927
2.43	-0.000419287
2.44	-0.000416546
2.45	-0.000413705
2.46	-0.000410765
2.47	-0.000407727
2.48	-0.000404593
2.49	-0.000401364
2.5	-0.000398041
2.51	-0.000394624
2.52	-0.000391116
2.53	-0.000387518
2.54	-0.000383829
2.55	-0.000380053
2.56	-0.000376189
2.57	-0.00037224
2.58	-0.000368206
2.59	-0.000364088
2.6	-0.000359888
2.61	-0.000355606
2.62	-0.000351245
2.63	-0.000346805
2.64	-0.000342288
2.65	-0.000337694
2.66	-0.000333025
2.67	-0.000328282
2.68	-0.000323466
2.69	-0.000318579
2.7	-0.000313621
2.71	-0.000308594
2.72	-0.000303499
2.73	-0.000298338
2.74	-0.000293111
2.75	-0.00028782
2.76	-0.000282465
2.77	-0.000277049
2.78	-0.000271572
2.79	-0.000266036
2.8	-0.000260441
2.81	-0.000254789
2.82	-0.000249081
2.83	-0.000243319
2.84	-0.000237503
2.85	-0.000231635
2.86	-0.000225716
2.87	-0.000219747
2.88	-0.000213729
2.89	-0.000207664
2.9	-0.000201552
2.91	-0.000195396
2.92	-0.000189195
2.93	-0.000182952
2.94	-0.000176667
2.95	-0.000170342
2.96	-0.000163977
2.97	-0.000157575
2.98	-0.000151136
2.99	-0.000144661
3	-0.000138151
3.01	-0.000131609
3.02	-0.000125034
3.03	-0.000118428
3.04	-0.000111792
3.05	-0.000105127
3.06	-9.84354e-05
3.07	-9.17168e-05
3.08	-8.4973e-05
3.09	-7.8205e-05
3.1	-7.14139e-05
3.11	-6.4601e-05
3.12	-5.77672e-05
3.13	-5.09138e-05
3.14	-4.40419e-05
3.15	-3.71525e-05
3.16	-3.02467e-05
3.17	-2.33257e-05
3.18	-1.63906e-05
3.19	-9.44237e-06
3.2	-2.48217e-06
3.21	4.48893e-06
3.22	1.14699e-05
3.23	1.84596e-05
3.24	2.54569e-05
3.25	3.2461e-05
3.26	3.94706e-05
3.27	4.64848e-05
3.28	5.35025e-05
3.29	6.05226e-05
3.3	6.75442e-05
3.31	7.45663e-05
3.32	8.15877e-05
3.33	8.86075e-05
3.34	9.56248e-05
3.35	0.000102638
3.36	0.000109647
3.37	0.000116651
3.38	0.000123648
3.39	0.000130637
3.4	0.000137618
3.41	0.000144589
3.42	0.00015155
3.43	0.0001585
3.44	0.000165437
3.45	0.000172361
3.46	0.000179271
3.47	0.000186166
3.48	0.000193045
3.49	0.000199907
3.5	0.000206752
3.51	0.000213577
3.52	0.000220384
3.53	0.000227169
3.54	0.000233934
3.55	0.000240676
3.56	0.000247395
3.57	0.000254091
3.58	0.000260762
3.59	0.000267407
3.6	0.000274026
3.61	0.000280618
3.62	0.000287181
3.63	0.000293717
3.64	0.000300222
3.65	0.000306698
3.66	0.000313142
3.67	0.000319554
3.68	0.000325934
3.69	0.00033228
3.7	0.000338593
3.71	0.00034487
3.72	0.000351112
3.73	0.000357318
3.74	0.000363486
3.75	0.000369617
3.76	0.00037571
3.77	0.000381764
3.78	0.000387777
3.79	0.000393751
3.8	0.000399683
3.81	0.000405574
3.82	0.000411422
3.83	0.000417227
3.84	0.000422989
3.85	0.000428706
3.86	0.000434379
3.87	0.000440006
3.88	0.000445587
3.89	0.000451121
3.9	0.000456608
3.91	0.000462048
3.92	0.000467439
3.93	0.000472781
3.94	0.000478074
3.95	0.000483317
3.96	0.000488509
3.97	0.00049365
3.98	0.00049874
3.99	0.000503778
4	0.000508763
4.01	0.000513696
4.02	0.000518575
4.03	0.0005234
4.04	0.000528171
4.05	0.000532887
4.06	0.000537547
4.07	0.000542152
4.08	0.000546701
4.09	0.000551193
4.1	0.000555629
4.11	0.000560007
4.12	0.000564328
4.13	0.00056859
4.14	0.000572794
4.15	0.000576939
4.16	0.000581025
4.17	0.000585052
4.18	0.000589018
4.19	0.000592925
4.2	0.000596771
4.21	0.000600556
4.22	0.00060428
4.23	0.000607943
4.24	0.000611544
4.25	0.000615083
4.26	0.00061856
4.27	0.000621974
4.28	0.000625326
4.29	0.000628615
4.3	0.00063184
4.31	0.000635003
4.32	0.000638101
4.33	0.000641136
4.34	0.000644106
4.35	0.000647013
4.36	0.000649854
4.37	0.000652632
4.38	0.000655344
4.39	0.000657992
4.4	0.000660574
4.41	0.000663091
4.42	0.000665543
4.43	0.00066793
4.44	0.00067025
4.45	0.000672505
4.46	0.000674694
4.47	0.000676817
4.48	0.000678875
4.49	0.000680866
4.5	0.000682791
4.51	0.000684649
4.52	0.000686441
4.53	0.000688167
4.54	0.000689827
4.55	0.00069142
4.56	0.000692947
4.57	0.000694407
4.58	0.0006958
4.59	0.000697127
4.6	0.000698388
4.61	0.000699582
4.62	0.00070071
4.63	0.000701771
4.64	0.000702766
4.65	0.000703694
4.66	0.000704556
4.67	0.000705352
4.68	0.000706082
4.69	0.000706745
4.7	0.000707343
4.71	0.000707874
4.72	0.000708339
4.73	0.000708739
4.74	0.000709073
4.75	0.000709341
4.76	0.000709544
4.77	0.000709681
4.78	0.000709753
4.79	0.00070976
4.8	0.000709702
4.81	0.00070958
4.82	0.000709392
4.83	0.00070914
4.84	0.000708824
4.85	0.000708444
4.86	0.000707999
4.87	0.000707491
4.88	0.000706919
4.89	0.000706284
4.9	0.000705586
4.91	0.000704824
4.92	0.000704
4.93	0.000703113
4.94	0.000702164
4.95	0.000701153
4.96	0.00070008
4.97	0.000698945
4.98	0.000697749
4.99	0.000696492
5	0.000695174
5.01	0.000693796
5.02	0.000692357
5.03	0.000690858
5.04	0.0006893
5.05	0.000687682
5.06	0.000686004
5.07	0.000684268
5.08	0.000682474
5.09	0.000680621
5.1	0.00067871
5.11	0.000676741
5.12	0.000674716
5.13	0.000672633
5.14	0.000670494
5.15	0.000668298
5.16	0.000666047
5.17	0.00066374
5.18	0.000661377
5.19	0.00065896
5.2	0.000656488
5.21	0.000653962
5.22	0.000651382
5.23	0.000648749
5.24	0.000646063
5.25	0.000643324
5.26	0.000640533
5.27	0.00063769
5.28	0.000634795
5.29	0.000631849
5.3	0.000628853
5.31	0.000625807
5.32	0.00062271
5.33	0.000619564
5.34	0.000616369
5.35	0.000613125
5.36	0.000609834
5.37	0.000606494
5.38	0.000603107
5.39	0.000599673
5.4	0.000596193
5.41	0.000592666
5.42	0.000589094
5.43	0.000585477
5.44	0.000581815
5.45	0.000578109
5.46	0.00057436
5.47	0.000570566
5.48	0.00056673
5.49	0.000562852
5.5	0.000558932
5.51	0.00055497
5.52	0.000550967
5.53	0.000546924
5.54	0.00054284
5.55	0.000538717
5.56	0.000534555
5.57	0.000530355
5.58	0.000526116
5.59	0.00052184
5.6	0.000517526
5.61	0.000513176
5.62	0.00050879
5.63	0.000504368
5.64	0.000499911
5.65	0.000495419
5.66	0.000490893
5.67	0.000486334
5.68	0.000481741
5.69	0.000477116
5.7	0.000472458
5.71	0.00046777
5.72	0.000463049
5.73	0.000458299
5.74	0.000453518
5.75	0.000448708
5.76	0.000443869
5.77	0.000439001
5.78	0.000434105
5.79	0.000429182
5.8	0.000424231
5.81	0.000419255
5.82	0.000414252
5.83	0.000409224
5.84	0.000404171
5.85	0.000399094
5.86	0.000393993
5.87	0.000388869
5.88	0.000383722
5.89	0.000378552
5.9	0.000373362
5.91	0.000368149
5.92	0.000362917
5.93	0.000357664
5.94	0.000352391
5.95	0.0003471
5.96	0.00034179
5.97	0.000336462
5.98	0.000331116
5.99	0.000325754
6	0.000320375
6.01	0.000314981
6.02	0.000309571
6.03	0.000304146
6.04	0.000298707
6.05	0.000293254
6.06	0.000287788
6.07	0.000282309
6.08	0.000276818
6.09	0.000271316
6.1	0.000265802
6.11	0.000260278
6.12	0.000254744
6.13	0.0002492
6.14	0.000243647
6.15	0.000238086
6.16	0.000232517
6.17	0.00022694
6.18	0.000221357
6.19	0.000215767
6.2	0.000210171
6.21	0.00020457
6.22	0.000198965
6.23	0.000193354
6.24	0.00018774
6.25	0.000182123
6.26	0.000176503
6.27	0.000170881
6.28	0.000165257
6.29	0.000159632
6.3	0.000154006
6.31	0.00014838
6.32	0.000142754
6.33	0.000137129
6.34	0.000131505
6.35	0.000125883
6.36	0.000120263
6.37	0.000114646
6.38	0.000109033
6.39	0.000103423
6.4	9.78175e-05
6.41	9.22168e-05
6.42	8.66213e-05
6.43	8.10315e-05
6.44	7.5448e-05
6.45	6.98712e-05
6.46	6.43015e-05
6.47	5.87396e-05
6.48	5.31858e-05
6.49	4.76406e-05
6.5	4.21045e-05
6.51	3.65779e-05
6.52	3.10614e-05
6.53	2.55554e-05
6.54	2.00604e-05
6.55	1.45767e-05
6.56	9.10498e-06
6.57	3.64556e-06
6.58	-1.80107e-06
6.59	-7.23445e-06
6.6	-1.26541e-05
6.61	-1.80597e-05
6.62	-2.34507e-05
6.63	-2.88266e-05
6.64	-3.41871e-05
6.65	-3.95317e-05
6.66	-4.486e-05
6.67	-5.01715e-05
6.68	-5.54658e-05
6.69	-6.07425e-05
6.7	-6.60012e-05
6.71	-7.12414e-05
6.72	-7.64627e-05
6.73	-8.16648e-05
6.74	-8.68471e-05
6.75	-9.20093e-05
6.76	-9.71511e-05
6.77	-0.000102272
6.78	-0.000107371
6.79	-0.000112449
6.8	-0.000117505
6.81	-0.000122538
6.82	-0.000127548
6.83	-0.000132535
6.84	-0.000137499
6.85	-0.000142438
6.86	-0.000147353
6.87	-0.000152243
6.88	-0.000157108
6.89	-0.000161948
6.9	-0.000166761
6.91	-0.000171549
6.92	-0.000176309
6.93	-0.000181043
6.94	-0.00018575
6.95	-0.000190429
6.96	-0.00019508
6.97	-0.000199702
6.98	-0.000204296
6.99	-0.000208861
7	-0.000213397
7.01	-0.000217903
7.02	-0.000222379
7.03	-0.000226825
7.04	-0.00023124
7.05	-0.000235625
7.06	-0.000239978
7.07	-0.0002443
7.08	-0.000248589
7.09	-0.000252847
7.1	-0.000257072
7.11	-0.000261265
7.12	-0.000265424
7.13	-0.000269551
7.14	-0.000273644
7.15	-0.000277702
7.16	-0.000281727
7.17	-0.000285718
7.18	-0.000289674
7.19	-0.000293595
7.2	-0.00029748
7.21	-0.000301331
7.22	-0.000305146
7.23	-0.000308925
7.24	-0.000312667
7.25	-0.000316374
7.26	-0.000320043
7.27	-0.000323676
7.28	-0.000327272
7.29	-0.000330831
7.3	-0.000334352
7.31	-0.000337835
7.32	-0.00034128
7.33	-0.000344687
7.34	-0.000348056
7.35	-0.000351386
7.36	-0.000354678
7.37	-0.00035793
7.38	-0.000361144
7.39	-0.000364318
7.4	-0.000367452
7.41	-0.000370547
7.42	-0.000373602
7.43	-0.000376617
7.44	-0.000379592
7.45	-0.000382526
7.46	-0.00038542
7.47	-0.000388273
7.48	-0.000391086
7.49	-0.000393857
7.5	-0.000396587
7.51	-0.000399276
7.52	-0.000401924
7.53	-0.00040453
7.54	-0.000407094
7.55	-0.000409617
7.56	-0.000412097
7.57	-0.000414536
7.58	-0.000416932
7.59	-0.000419286
7.6	-0.000421598
7.61	-0.000423868
7.62	-0.000426094
7.63	-0.000428278
7.64	-0.00043042
7.65	-0.000432518
7.66	-0.000434574
7.67	-0.000436587
7.68	-0.000438556
7.69	-0.000440482
7.7	-0.000442366
7.71	-0.000444205
7.72	-0.000446002
7.73	-0.000447755
7.74	-0.000449465
7.75	-0.000451131
7.76	-0.000452753
7.77	-0.000454332
7.78	-0.000455868
7.79	-0.00045736
7.8	-0.000458807
7.81	-0.000460212
7.82	-0.000461572
7.83	-0.000462889
7.84	-0.000464162
7.85	-0.000465391
7.86	-0.000466576
7.87	-0.000467718
7.88	-0.000468815
7.89	-0.000469869
7.9	-0.000470879
7.91	-0.000471845
7.92	-0.000472767
7.93	-0.000473646
7.94	-0.000474481
7.95	-0.000475272
7.96	-0.000476019
7.97	-0.000476723
7.98	-0.000477383
7.99	-0.000477999
8	-0.000478572
8.01	-0.000479101
8.02	-0.000479587
8.03	-0.000480029
8.04	-0.000480428
8.05	-0.000480783
8.06	-0.000481095
8.07	-0.000481364
8.08	-0.00048159
8.09	-0.000481773
8.1	-0.000481912
8.11	-0.000482009
8.12	-0.000482063
8.13	-0.000482074
8.14	-0.000482043
8.15	-0.000481968
8.16	-0.000481852
8.17	-0.000481693
8.18	-0.000481491
8.19	-0.000481247
8.2	-0.000480962
8.21	-0.000480634
8.22	-0.000480264
8.23	-0.000479853
8.24	-0.0004794
8.25	-0.000478905
8.26	-0.000478369
8.27	-0.000477792
8.28	-0.000477173
8.29	-0.000476514
8.3	-0.000475813
8.31	-0.000475072
8.32	-0.00047429
8.33	-0.000473468
8.34	-0.000472605
8.35	-0.000471702
8.36	-0.000470759
8.37	-0.000469777
8.38	-0.000468754
8.39	-0.000467692
8.4	-0.000466591
8.41	-0.00046545
8.42	-0.00046427
8.43	-0.000463052
8.44	-0.000461794
8.45	-0.000460498
8.46	-0.000459164
8.47	-0.000457792
8.48	-0.000456381
8.49	-0.000454933
8.5	-0.000453447
8.51	-0.000451924
8.52	-0.000450363
8.53	-0.000448765
8.54	-0.000447131
8.55	-0.00044546
8.56	-0.000443752
8.57	-0.000442009
8.58	-0.000440229
8.59	-0.000438413
8.6	-0.000436562
8.61	-0.000434675
8.62	-0.000432753
8.63	-0.000430797
8.64	-0.000428805
8.65	-0.000426779
8.66	-0.000424719
8.67	-0.000422625
8.68	-0.000420496
8.69	-0.000418335
8.7	-0.00041614
8.71	-0.000413911
8.72	-0.00041165
8.73	-0.000409356
8.74	-0.00040703
8.75	-0.000404672
8.76	-0.000402282
8.77	-0.00039986
8.78	-0.000397407
8.79	-0.000394922
8.8	-0.000392407
8.81	-0.000389861
8.82	-0.000387284
8.83	-0.000384678
8.84	-0.000382042
8.85	-0.000379376
8.86	-0.00037668
8.87	-0.000373956
8.88	-0.000371202
8.89	-0.000368421
8.9	-0.000365611
8.91	-0.000362772
8.92	-0.000359907
8.93	-0.000357013
8.94	-0.000354093
8.95	-0.000351145
8.96	-0.000348171
8.97	-0.000345171
8.98	-0.000342145
8.99	-0.000339093
9	-0.000336015
9.01	-0.000332912
9.02	-0.000329784
9.03	-0.000326632
9.04	-0.000323455
9.05	-0.000320254
9.06	-0.00031703
9.07	-0.000313781
9.08	-0.00031051
9.09	-0.000307216
9.1	-0.000303899
9.11	-0.00030056
9.12	-0.000297199
9.13	-0.000293817
9.14	-0.000290413
9.15	-0.000286988
9.16	-0.000283542
9.17	-0.000280075
9.18	-0.000276589
9.19	-0.000273082
9.2	-0.000269556
9.21	-0.000266011
9.22	-0.000262447
9.23	-0.000258864
9.24	-0.000255263
9.25	-0.000251644
9.26	-0.000248007
9.27	-0.000244352
9.28	-0.000240681
9.29	-0.000236993
9.3	-0.000233288
9.31	-0.000229567
9.32	-0.00022583
9.33	-0.000222078
9.34	-0.000218311
9.35	-0.000214528
9.36	-0.000210731
9.37	-0.00020692
9.38	-0.000203095
9.39	-0.000199256
9.4	-0.000195404
9.41	-0.000191539
9.42	-0.000187661
9.43	-0.000183771
9.44	-0.000179869
9.45	-0.000175955
9.46	-0.00017203
9.47	-0.000168093
9.48	-0.000164146
9.49	-0.000160188
9.5	-0.00015622
9.51	-0.000152243
9.52	-0.000148256
9.53	-0.000144259
9.54	-0.000140254
9.55	-0.00013624
9.56	-0.000132218
9.57	-0.000128188
9.58	-0.000124151
9.59	-0.000120106
9.6	-0.000116055
9.61	-0.000111996
9.62	-0.000107932
9.63	-0.000103861
9.64	-9.97846e-05
9.65	-9.57029e-05
9.66	-9.16162e-05
9.67	-8.75247e-05
9.68	-8.34288e-05
9.69	-7.93289e-05
9.7	-7.52251e-05
9.71	-7.11179e-05
9.72	-6.70075e-05
9.73	-6.28943e-05
9.74	-5.87785e-05
9.75	-5.46606e-05
9.76	-5.05408e-05
9.77	-4.64193e-05
9.78	-4.22966e-05
9.79	-3.8173e-05
9.8	-3.40487e-05
9.81	-2.9924e-05
9.82	-2.57994e-05
9.83	-2.1675e-05
9.84	-1.75512e-05
9.85	-1.34283e-05
9.86	-9.30657e-06
9.87	-5.18638e-06
9.88	-1.06801e-06
9.89	3.04824e-06
9.9	7.16207e-06
9.91	1.12732e-05
9.92	1.53812e-05
9.93	1.9486e-05
9.94	2.35871e-05
9.95	2.76842e-05
9.96	3.17772e-05
9.97	3.58656e-05
9.98	3.99491e-05
9.99	4.40276e-05
10	4.81006e-05
10.01	5.21679e-05
10.02	5.62292e-05
10.03	6.02842e-05
10.04	6.43326e-05
10.05	6.83742e-05
10.06	7.24085e-05
10.07	7.64354e-05
10.08	8.04546e-05
10.09	8.44657e-05
10.1	8.84685e-05
10.11	9.24627e-05
10.12	9.6448e-05
10.13	0.000100424
10.14	0.000104391
10.15	0.000108348
10.16	0.000112295
10.17	0.000116232
10.18	0.000120158
10.19	0.000124073
10.2	0.000127977
10.21	0.00013187
10.22	0.000135751
10.23	0.000139621
10.24	0.000143478
10.25	0.000147322
10.26	0.000151154
10.27	0.000154973
10.28	0.000158779
10.29	0.000162571
10.3	0.00016635
10.31	0.000170115
10.32	0.000173865
10.33	0.000177601
10.34	0.000181322
10.35	0.000185028
10.36	0.000188718
10.37	0.000192393
10.38	0.000196053
10.39	0.000199696
10.4	0.000203323
10.41	0.000206934
10.42	0.000210528
10.43	0.000214105
10.44	0.000217665
10.45	0.000221207
10.46	0.000224732
10.47	0.000228238
10.48	0.000231727
10.49	0.000235197
10.5	0.000238649
10.51	0.000242081
10.52	0.000245495
10.53	0.00024889
10.54	0.000252265
10.55	0.00025562
10.56	0.000258955
10.57	0.00026227
10.58	0.000265565
10.59	0.000268839
10.6	0.000272093
10.61	0.000275326
10.62	0.000278537
10.63	0.000281727
10.64	0.000284895
10.65	0.000288042
10.66	0.000291166
10.67	0.000294269
10.68	0.000297349
10.69	0.000300406
10.7	0.000303441
10.71	0.000306453
10.72	0.000309442
10.73	0.000312407
10.74	0.000315349
10.75	0.000318267
10.76	0.000321161
10.77	0.000324031
10.78	0.000326877
10.79	0.000329699
10.8	0.000332496
10.81	0.000335268
10.82	0.000338016
10.83	0.000340738
10.84	0.000343435
10.85	0.000346107
10.86	0.000348753
10.87	0.000351374
10.88	0.000353968
10.89	0.000356537
10.9	0.000359079
10.91	0.000361595
10.92	0.000364085
10.93	0.000366548
10.94	0.000368985
10.95	0.000371394
10.96	0.000373776
10.97	0.000376132
10.98	0.00037846
10.99	0.00038076
11	0.000383033
11.01	0.000385279
11.02	0.000387496
11.03	0.000389686
11.04	0.000391847
11.05	0.00039398
11.06	0.000396085
11.07	0.000398162
11.08	0.00040021
11.09	0.000402229
11.1	0.00040422
11.11	0.000406182
11.12	0.000408115
11.13	0.000410019
11.14	0.000411893
11.15	0.000413738
11.16	0.000415554
11.17	0.000417341
11.18	0.000419098
11.19	0.000420825
11.2	0.000422523
11.21	0.000424191
11.22	0.000425829
11.23	0.000427437
11.24	0.000429014
11.25	0.000430562
11.26	0.00043208
11.27	0.000433567
11.28	0.000435024
11.29	0.00043645
11.3	0.000437846
11.31	0.000439212
11.32	0.000440546
11.33	0.00044185
11.34	0.000443124
11.35	0.000444366
11.36	0.000445578
11.37	0.000446759
11.38	0.000447909
11.39	0.000449027
11.4	0.000450115
11.41	0.000451172
11.42	0.000452198
11.43	0.000453192
11.44	0.000454155
11.45	0.000455087
11.46	0.000455988
11.47	0.000456857
11.48	0.000457695
11.49	0.000458502
11.5	0.000459277
11.51	0.000460021
11.52	0.000460733
11.53	0.000461414
11.54	0.000462064
11.55	0.000462682
11.56	0.000463268
11.57	0.000463824
11.58	0.000464347
11.59	0.000464839
11.6	0.0004653
11.61	0.000465729
11.62	0.000466126
11.63	0.000466492
11.64	0.000466826
11.65	0.000467129
11.66	0.000467401
11.67	0.00046764
11.68	0.000467849
11.69	0.000468026
11.7	0.000468171
11.71	0.000468285
11.72	0.000468368
11.73	0.000468419
11.74	0.000468439
11.75	0.000468428
11.76	0.000468385
11.77	0.000468311
11.78	0.000468206
11.79	0.000468069
11.8	0.000467902
11.81	0.000467703
11.82	0.000467473
11.83	0.000467212
11.84	0.00046692
11.85	0.000466597
11.86	0.000466243
11.87	0.000465859
11.88	0.000465443
11.89	0.000464997
11.9	0.00046452
11.91	0.000464012
11.92	0.000463474
11.93	0.000462905
11.94	0.000462306
11.95	0.000461676
11.96	0.000461016
11.97	0.000460326
11.98	0.000459605
11.99	0.000458854
12	0.000458074
12.01	0.000457263
12.02	0.000456422
12.03	0.000455552
12.04	0.000454652
12.05	0.000453722
12.06	0.000452762
12.07	0.000451773
12.08	0.000450755
12.09	0.000449707
12.1	0.00044863
12.11	0.000447524
12.12	0.000446389
12.13	0.000445225
12.14	0.000444032
12.15	0.000442811
12.16	0.000441561
12.17	0.000440282
12.18	0.000438974
12.19	0.000437639
12.2	0.000436275
12.21	0.000434883
12.22	0.000433463
12.23	0.000432015
12.24	0.000430539
12.25	0.000429036
12.26	0.000427505
12.27	0.000425947
12.28	0.000424361
12.29	0.000422748
12.3	0.000421108
12.31	0.000419442
12.32	0.000417748
12.33	0.000416028
12.34	0.000414281
12.35	0.000412507
12.36	0.000410708
12.37	0.000408882
12.38	0.00040703
12.39	0.000405152
12.4	0.000403249
12.41	0.000401319
12.42	0.000399365
12.43	0.000397385
12.44	0.000395379
12.45	0.000393349
12.46	0.000391294
12.47	0.000389214
12.48	0.00038711
12.49	0.000384981
12.5	0.000382827
12.51	0.00038065
12.52	0.000378448
12.53	0.000376223
12.54	0.000373974
12.55	0.000371701
12.56	0.000369405
12.57	0.000367086
12.58	0.000364744
12.59	0.000362378
12.6	0.00035999
12.61	0.00035758
12.62	0.000355147
12.63	0.000352692
12.64	0.000350214
12.65	0.000347715
12.66	0.000345194
12.67	0.000342652
12.68	0.000340088
12.69	0.000337503
12.7	0.000334896
12.71	0.000332269
12.72	0.000329621
12.73	0.000326953
12.74	0.000324264
12.75	0.000321555
12.76	0.000318827
12.77	0.000316078
12.78	0.00031331
12.79	0.000310522
12.8	0.000307715
12.81	0.000304889
12.82	0.000302044
12.83	0.00029918
12.84	0.000296298
12.85	0.000293397
12.86	0.000290478
12.87	0.000287542
12.88	0.000284587
12.89	0.000281615
12.9	0.000278625
12.91	0.000275619
12.92	0.000272595
12.93	0.000269555
12.94	0.000266497
12.95	0.000263424
12.96	0.000260334
12.97	0.000257228
12.98	0.000254107
12.99	0.000250969
13	0.000247817
13.01	0.000244649
13.02	0.000241466
13.03	0.000238268
13.04	0.000235056
13.05	0.000231829
13.06	0.000228587
13.07	0.000225332
13.08	0.000222063
13.09	0.000218781
13.1	0.000215485
13.11	0.000212175
13.12	0.000208853
13.13	0.000205518
13.14	0.00020217
13.15	0.00019881
13.16	0.000195438
13.17	0.000192054
13.18	0.000188658
13.19	0.00018525
13.2	0.000181831
13.21	0.000178401
13.22	0.00017496
13.23	0.000171508
13.24	0.000168046
13.25	0.000164574
13.26	0.000161091
13.27	0.000157598
13.28	0.000154096
13.29	0.000150585
13.3	0.000147064
13.31	0.000143534
13.32	0.000139995
13.33	0.000136447
13.34	0.000132892
13.35	0.000129328
13.36	0.000125756
13.37	0.000122176
13.38	0.000118589
13.39	0.000114994
13.4	0.000111392
13.41	0.000107784
13.42	0.000104168
13.43	0.000100546
13.44	9.69184e-05
13.45	9.32842e-05
13.46	8.96442e-05
13.47	8.59986e-05
13.48	8.23475e-05
13.49	7.86913e-05
13.5	7.50301e-05
13.51	7.13641e-05
13.52	6.76935e-05
13.53	6.40186e-05
13.54	6.03396e-05
13.55	5.66567e-05
13.56	5.297e-05
13.57	4.92799e-05
13.58	4.55865e-05
13.59	4.18901e-05
13.6	3.81907e-05
13.61	3.44888e-05
13.62	3.07845e-05
13.63	2.70779e-05
13.64	2.33693e-05
13.65	1.9659e-05
13.66	1.59471e-05
13.67	1.22338e-05
13.68	8.51937e-06
13.69	4.80401e-06
13.7	1.08794e-06
13.71	-2.62865e-06
13.72	-6.34554e-06
13.73	-1.00625e-05
13.74	-1.37794e-05
13.75	-1.74959e-05
13.76	-2.12119e-05
13.77	-2.49271e-05
13.78	-2.86414e-05
13.79	-3.23545e-05
13.8	-3.60663e-05
13.81	-3.97764e-05
13.82	-4.34848e-05
13.83	-4.71911e-05
13.84	-5.08953e-05
13.85	-5.4597e-05
13.86	-5.82962e-05
13.87	-6.19925e-05
13.88	-6.56857e-05
13.89	-6.93758e-05
13.9	-7.30624e-05
13.91	-7.67453e-05
13.92	-8.04244e-05
13.93	-8.40995e-05
13.94	-8.77703e-05
13.95	-9.14367e-05
13.96	-9.50984e-05
13.97	-9.87553e-05
13.98	-0.000102407
13.99	-0.000106054
14	-0.000109695
14.01	-0.00011333
14.02	-0.00011696
14.03	-0.000120583
14.04	-0.000124201
14.05	-0.000127811
14.06	-0.000131416
14.07	-0.000135013
14.08	-0.000138603
14.09	-0.000142187
14.1	-0.000145762
14.11	-0.000149331
14.12	-0.000152891
14.13	-0.000156443
14.14	-0.000159987
14.15	-0.000163523
14.16	-0.000167051
14.17	-0.000170569
14.18	-0.000174079
14.19	-0.000177579
14.2	-0.000181071
14.21	-0.000184552
14.22	-0.000188024
14.23	-0.000191487
14.24	-0.000194939
14.25	-0.000198381
14.26	-0.000201812
14.27	-0.000205233
14.28	-0.000208643
14.29	-0.000212043
14.3	-0.000215431
14.31	-0.000218808
14.32	-0.000222173
14.33	-0.000225527
14.34	-0.000228869
14.35	-0.000232199
14.36	-0.000235517
14.37	-0.000238823
14.38	-0.000242116
14.39	-0.000245396
14.4	-0.000248663
14.41	-0.000251918
14.42	-0.000255159
14.43	-0.000258387
14.44	-0.000261602
14.45	-0.000264803
14.46	-0.00026799
14.47	-0.000271163
14.48	-0.000274322
14.49	-0.000277466
14.5	-0.000280596
14.51	-0.000283712
14.52	-0.000286812
14.53	-0.000289898
14.54	-0.000292969
14.55	-0.000296024
14.56	-0.000299064
14.57	-0.000302089
14.58	-0.000305097
14.59	-0.00030809
14.6	-0.000311067
14.61	-0.000314028
14.62	-0.000316972
14.63	-0.0003199
14.64	-0.000322812
14.65	-0.000325707
14.66	-0.000328584
14.67	-0.000331445
14.68	-0.000334289
14.69	-0.000337115
14.7	-0.000339924
14.71	-0.000342715
14.72	-0.000345489
14.73	-0.000348245
14.74	-0.000350983
14.75	-0.000353703
14.76	-0.000356404
14.77	-0.000359087
14.78	-0.000361752
14.79	-0.000364398
14.8	-0.000367026
14.81	-0.000369634
14.82	-0.000372224
14.83	-0.000374794
14.84	-0.000377345
14.85	-0.000379877
14.86	-0.000382389
14.87	-0.000384882
14.88	-0.000387355
14.89	-0.000389808
14.9	-0.000392241
14.91	-0.000394655
14.92	-0.000397048
14.93	-0.000399421
14.94	-0.000401773
14.95	-0.000404105
14.96	-0.000406416
14.97	-0.000408707
14.98	-0.000410977
14.99	-0.000413226
15	-0.000415454
15.01	-0.000417661
15.02	-0.000419846
15.03	-0.000422011
15.04	-0.000424153
15.05	-0.000426275
15.06	-0.000428375
15.07	-0.000430453
15.08	-0.000432509
15.09	-0.000434544
15.1	-0.000436556
15.11	-0.000438547
15.12	-0.000440515
15.13	-0.000442461
15.14	-0.000444385
15.15	-0.000446287
15.16	-0.000448166
15.17	-0.000450022
15.18	-0.000451856
15.19	-0.000453668
15.2	-0.000455456
15.21	-0.000457222
15.22	-0.000458964
15.23	-0.000460684
15.24	-0.00046238
15.25	-0.000464054
15.26	-0.000465704
15.27	-0.000467331
15.28	-0.000468935
15.29	-0.000470515
15.3	-0.000472072
15.31	-0.000473605
15.32	-0.000475115
15.33	-0.000476601
15.34	-0.000478064
15.35	-0.000479502
15.36	-0.000480917
15.37	-0.000482308
15.38	-0.000483675
15.39	-0.000485018
15.4	-0.000486337
15.41	-0.000487632
15.42	-0.000488903
15.43	-0.00049015
15.44	-0.000491372
15.45	-0.000492571
15.46	-0.000493745
15.47	-0.000494894
15.48	-0.00049602
15.49	-0.000497121
15.5	-0.000498197
15.51	-0.000499249
15.52	-0.000500277
15.53	-0.00050128
15.54	-0.000502258
15.55	-0.000503212
15.56	-0.000504141
15.57	-0.000505046
15.58	-0.000505925
15.59	-0.000506781
15.6	-0.000507611
15.61	-0.000508417
15.62	-0.000509198
15.63	-0.000509954
15.64	-0.000510685
15.65	-0.000511391
15.66	-0.000512073
15.67	-0.00051273
15.68	-0.000513362
15.69	-0.000513969
15.7	-0.000514551
15.71	-0.000515108
15.72	-0.00051564
15.73	-0.000516148
15.74	-0.00051663
15.75	-0.000517088
15.76	-0.000517521
15.77	-0.000517928
15.78	-0.000518311
15.79	-0.000518669
15.8	-0.000519002
15.81	-0.00051931
15.82	-0.000519593
15.83	-0.000519852
15.84	-0.000520085
15.85	-0.000520294
15.86	-0.000520477
15.87	-0.000520636
15.88	-0.00052077
15.89	-0.000520879
15.9	-0.000520963
15.91	-0.000521023
15.92	-0.000521058
15.93	-0.000521067
15.94	-0.000521053
15.95	-0.000521013
15.96	-0.000520949
15.97	-0.00052086
15.98	-0.000520746
15.99	-0.000520608
16	-0.000520445
16.01	-0.000520258
16.02	-0.000520046
16.03	-0.00051981
16.04	-0.000519549
16.05	-0.000519264
16.06	-0.000518954
16.07	-0.00051862
16.08	-0.000518262
16.09	-0.000517879
16.1	-0.000517472
16.11	-0.000517041
16.12	-0.000516586
16.13	-0.000516106
16.14	-0.000515603
16.15	-0.000515076
16.16	-0.000514524
16.17	-0.000513949
16.18	-0.000513349
16.19	-0.000512726
16.2	-0.000512079
16.21	-0.000511409
16.22	-0.000510714
16.23	-0.000509996
16.24	-0.000509255
16.25	-0.00050849
16.26	-0.000507702
16.27	-0.00050689
16.28	-0.000506055
16.29	-0.000505196
16.3	-0.000504314
16.31	-0.00050341
16.32	-0.000502482
16.33	-0.000501531
16.34	-0.000500557
16.35	-0.000499561
16.36	-0.000498541
16.37	-0.000497499
16.38	-0.000496434
16.39	-0.000495347
16.4	-0.000494237
16.41	-0.000493104
16.42	-0.000491949
16.43	-0.000490772
16.44	-0.000489573
16.45	-0.000488352
16.46	-0.000487108
16.47	-0.000485843
16.48	-0.000484556
16.49	-0.000483246
16.5	-0.000481916
16.51	-0.000480563
16.52	-0.000479189
16.53	-0.000477793
16.54	-0.000476377
16.55	-0.000474938
16.56	-0.000473479
16.57	-0.000471999
16.58	-0.000470497
16.59	-0.000468975
16.6	-0.000467431
16.61	-0.000465867
16.62	-0.000464283
16.63	-0.000462677
16.64	-0.000461052
16.65	-0.000459406
16.66	-0.000457739
16.67	-0.000456053
16.68	-0.000454347
16.69	-0.00045262
16.7	-0.000450874
16.71	-0.000449108
16.72	-0.000447322
16.73	-0.000445517
16.74	-0.000443692
16.75	-0.000441848
16.76	-0.000439985
16.77	-0.000438103
16.78	-0.000436201
16.79	-0.000434281
16.8	-0.000432342
16.81	-0.000430384
16.82	-0.000428408
16.83	-0.000426414
16.84	-0.000424401
16.85	-0.000422369
16.86	-0.00042032
16.87	-0.000418253
16.88	-0.000416167
16.89	-0.000414064
16.9	-0.000411944
16.91	-0.000409806
16.92	-0.00040765
16.93	-0.000405477
16.94	-0.000403287
16.95	-0.00040108
16.96	-0.000398856
16.97	-0.000396616
16.98	-0.000394358
16.99	-0.000392084
17	-0.000389794
17.01	-0.000387487
17.02	-0.000385165
17.03	-0.000382826
17.04	-0.000380471
17.05	-0.000378101
17.06	-0.000375714
17.07	-0.000373313
17.08	-0.000370896
17.09	-0.000368463
17.1	-0.000366016
17.11	-0.000363553
17.12	-0.000361076
17.13	-0.000358584
17.14	-0.000356077
17.15	-0.000353556
17.16	-0.00035102
17.17	-0.00034847
17.18	-0.000345907
17.19	-0.000343329
17.2	-0.000340737
17.21	-0.000338132
17.22	-0.000335513
17.23	-0.000332881
17.24	-0.000330236
17.25	-0.000327578
17.26	-0.000324906
17.27	-0.000322222
17.28	-0.000319525
17.29	-0.000316816
17.3	-0.000314094
17.31	-0.00031136
17.32	-0.000308613
17.33	-0.000305855
17.34	-0.000303085
17.35	-0.000300303
17.36	-0.00029751
17.37	-0.000294706
17.38	-0.00029189
17.39	-0.000289063
17.4	-0.000286225
17.41	-0.000283376
17.42	-0.000280516
17.43	-0.000277646
17.44	-0.000274766
17.45	-0.000271875
17.46	-0.000268974
17.47	-0.000266064
17.48	-0.000263143
17.49	-0.000260213
17.5	-0.000257274
17.51	-0.000254325
17.52	-0.000251367
17.53	-0.000248399
17.54	-0.000245423
17.55	-0.000242438
17.56	-0.000239445
17.57	-0.000236443
17.58	-0.000233433
17.59	-0.000230415
17.6	-0.000227388
17.61	-0.000224354
17.62	-0.000221312
17.63	-0.000218263
17.64	-0.000215206
17.65	-0.000212142
17.66	-0.000209071
17.67	-0.000205992
17.68	-0.000202908
17.69	-0.000199816
17.7	-0.000196718
17.71	-0.000193614
17.72	-0.000190503
17.73	-0.000187387
17.74	-0.000184264
17.75	-0.000181136
17.76	-0.000178003
17.77	-0.000174863
17.78	-0.000171719
17.79	-0.00016857
17.8	-0.000165415
17.81	-0.000162256
17.82	-0.000159092
17.83	-0.000155924
17.84	-0.000152751
17.85	-0.000149574
17.86	-0.000146393
17.87	-0.000143209
17.88	-0.00014002
17.89	-0.000136828
17.9	-0.000133633
17.91	-0.000130434
17.92	-0.000127232
17.93	-0.000124027
17.94	-0.00012082
17.95	-0.000117609
17.96	-0.000114397
17.97	-0.000111182
17.98	-0.000107964
17.99	-0.000104745
18	-0.000101524
18.01	-9.8301e-05
18.02	-9.50765e-05
18.03	-9.18506e-05
18.04	-8.86234e-05
18.05	-8.53951e-05
18.06	-8.21658e-05
18.07	-7.89357e-05
18.08	-7.5705e-05
18.09	-7.24737e-05
18.1	-6.92421e-05
18.11	-6.60103e-05
18.12	-6.27784e-05
18.13	-5.95466e-05
18.14	-5.63151e-05
18.15	-5.30839e-05
18.16	-4.98533e-05
18.17	-4.66234e-05
18.18	-4.33944e-05
18.19	-4.01663e-05
18.2	-3.69394e-05
18.21	-3.37138e-05
18.22	-3.04897e-05
18.23	-2.72671e-05
18.24	-2.40463e-05
18.25	-2.08274e-05
18.26	-1.76105e-05
18.27	-1.43958e-05
18.28	-1.11834e-05
18.29	-7.97357e-06
18.3	-4.76634e-06
18.31	-1.56188e-06
18.32	1.63965e-06
18.33	4.8381e-06
18.34	8.03334e-06
18.35	1.12252e-05
18.36	1.44136e-05
18.37	1.75983e-05
18.38	2.07792e-05
18.39	2.39562e-05
18.4	2.71291e-05
18.41	3.02977e-05
18.42	3.3462e-05
18.43	3.66217e-05
18.44	3.97769e-05
18.45	4.29272e-05
18.46	4.60725e-05
18.47	4.92128e-05
18.48	5.23478e-05
18.49	5.54775e-05
18.5	5.86017e-05
18.51	6.17202e-05
18.52	6.4833e-05
18.53	6.79398e-05
18.54	7.10406e-05
18.55	7.41351e-05
18.56	7.72234e-05
18.57	8.03051e-05
18.58	8.33803e-05
18.59	8.64487e-05
18.6	8.95102e-05
18.61	9.25647e-05
18.62	9.5612e-05
18.63	9.86521e-05
18.64	0.000101685
18.65	0.00010471
18.66	0.000107727
18.67	0.000110737
18.68	0.000113738
18.69	0.000116732
18.7	0.000119717
18.71	0.000122694
18.72	0.000125663
18.73	0.000128623
18.74	0.000131574
18.75	0.000134516
18.76	0.00013745
18.77	0.000140374
18.78	0.000143289
18.79	0.000146195
18.8	0.000149091
18.81	0.000151977
18.82	0.000154854
18.83	0.000157721
18.84	0.000160578
18.85	0.000163425
18.86	0.000166262
18.87	0.000169088
18.88	0.000171904
18.89	0.000174709
18.9	0.000177504
18.91	0.000180287
18.92	0.00018306
18.93	0.000185822
18.94	0.000188573
18.95	0.000191312
18.96	0.00019404
18.97	0.000196756
18.98	0.000199461
18.99	0.000202154
19	0.000204835
19.01	0.000207504
19.02	0.000210161
19.03	0.000212806
19.04	0.000215438
19.05	0.000218058
19.06	0.000220666
19.07	0.000223261
19.08	0.000225843
19.09	0.000228413
19.1	0.000230969
19.11	0.000233512
19.12	0.000236043
19.13	0.00023856
19.14	0.000241063
19.15	0.000243553
19.16	0.00024603
19.17	0.000248493
19.18	0.000250942
19.19	0.000253377
19.2	0.000255799
19.21	0.000258206
19.22	0.000260599
19.23	0.000262978
19.24	0.000265342
19.25	0.000267692
19.26	0.000270028
19.27	0.000272349
19.28	0.000274655
19.29	0.000276946
19.3	0.000279222
19.31	0.000281484
19.32	0.00028373
19.33	0.000285961
19.34	0.000288177
19.35	0.000290378
19.36	0.000292563
19.37	0.000294732
19.38	0.000296886
19.39	0.000299025
19.4	0.000301147
19.41	0.000303254
19.42	0.000305344
19.43	0.000307419
19.44	0.000309477
19.45	0.00031152
19.46	0.000313546
19.47	0.000315556
19.48	0.000317549
19.49	0.000319526
19.5	0.000321486
19.51	0.00032343
19.52	0.000325357
19.53	0.000327267
19.54	0.000329161
19.55	0.000331037
19.56	0.000332897
19.57	0.000334739
19.58	0.000336564
19.59	0.000338372
19.6	0.000340163
19.61	0.000341936
19.62	0.000343693
19.63	0.000345431
19.64	0.000347152
19.65	0.000348856
19.66	0.000350542
19.67	0.00035221
19.68	0.00035386
19.69	0.000355493
19.7	0.000357107
19.71	0.000358704
19.72	0.000360283
19.73	0.000361844
19.74	0.000363386
19.75	0.000364911
19.76	0.000366417
19.77	0.000367905
19.78	0.000369374
19.79	0.000370826
19.8	0.000372258
19.81	0.000373673
19.82	0.000375069
19.83	0.000376446
19.84	0.000377805
19.85	0.000379145
19.86	0.000380466
19.87	0.000381769
19.88	0.000383053
19.89	0.000384318
19.9	0.000385564
19.91	0.000386791
19.92	0.000388
19.93	0.000389189
19.94	0.000390359
19.95	0.000391511
19.96	0.000392643
19.97	0.000393756
19.98	0.00039485
19.99	0.000395925
20	0.00039698
