-7	0
-6.99	5.12784e-05
-6.98	0.000102597
-6.97	0.000153994
-6.96	0.000205512
-6.95	0.000257188
-6.94	0.000309064
-6.93	0.00036118
-6.92	0.000413576
-6.91	0.000466292
-6.9	0.000519371
-6.89	0.000572852
-6.88	0.000626777
-6.87	0.000681188
-6.86	0.000736128
-6.85	0.000791639
-6.84	0.000847763
-6.83	0.000904545
-6.82	0.000962029
-6.81	0.00102026
-6.8	0.00107928
-6.79	0.00113914
-6.78	0.00119988
-6.77	0.00126155
-6.76	0.0013242
-6.75	0.00138788
-6.74	0.00145263
-6.73	0.00151851
-6.72	0.00158557
-6.71	0.00165386
-6.7	0.00172343
-6.69	0.00179434
-6.68	0.00186663
-6.67	0.00194038
-6.66	0.00201563
-6.65	0.00209245
-6.64	0.00217088
-6.63	0.002251
-6.62	0.00233287
-6.61	0.00241655
-6.6	0.0025021
-6.59	0.00258959
-6.58	0.00267908
-6.57	0.00277066
-6.56	0.00286439
-6.55	0.00296033
-6.54	0.00305858
-6.53	0.00315919
-6.52	0.00326226
-6.51	0.00336785
-6.5	0.00347606
-6.49	0.00358696
-6.48	0.00370064
-6.47	0.0038172
-6.46	0.00393671
-6.45	0.00405928
-6.44	0.004185
-6.43	0.00431396
-6.42	0.00444627
-6.41	0.00458202
-6.4	0.00472133
-6.39	0.0048643
-6.38	0.00501105
-6.37	0.00516168
-6.36	0.00531631
-6.35	0.00547507
-6.34	0.00563807
-6.33	0.00580545
-6.32	0.00597732
-6.31	0.00615384
-6.3	0.00633512
-6.29	0.00652132
-6.28	0.00671258
-6.27	0.00690904
-6.26	0.00711086
-6.25	0.0073182
-6.24	0.00753121
-6.23	0.00775006
-6.22	0.00797492
-6.21	0.00820597
-6.2	0.00844338
-6.19	0.00868734
-6.18	0.00893804
-6.17	0.00919567
-6.16	0.00946043
-6.15	0.00973253
-6.14	0.0100122
-6.13	0.0102996
-6.12	0.010595
-6.11	0.0108986
-6.1	0.0112107
-6.09	0.0115314
-6.08	0.0118611
-6.07	0.0122
-6.06	0.0125484
-6.05	0.0129065
-6.04	0.0132746
-6.03	0.013653
-6.02	0.014042
-6.01	0.0144419
-6	0.014853
-5.99	0.0152756
-5.98	0.01571
-5.97	0.0161567
-5.96	0.0166158
-5.95	0.0170879
-5.94	0.0175732
-5.93	0.0180721
-5.92	0.0185851
-5.91	0.0191124
-5.9	0.0196546
-5.89	0.020212
-5.88	0.0207851
-5.87	0.0213743
-5.86	0.0219801
-5.85	0.022603
-5.84	0.0232434
-5.83	0.0239018
-5.82	0.0245787
-5.81	0.0252747
-5.8	0.0259903
-5.79	0.0267261
-5.78	0.0274825
-5.77	0.0282603
-5.76	0.0290601
-5.75	0.0298823
-5.74	0.0307278
-5.73	0.031597
-5.72	0.0324908
-5.71	0.0334097
-5.7	0.0343546
-5.69	0.0353261
-5.68	0.0363251
-5.67	0.0373521
-5.66	0.0384082
-5.65	0.039494
-5.64	0.0406105
-5.63	0.0417585
-5.62	0.0429388
-5.61	0.0441525
-5.6	0.0454004
-5.59	0.0466835
-5.58	0.0480028
-5.57	0.0493594
-5.56	0.0507542
-5.55	0.0521884
-5.54	0.053663
-5.53	0.0551793
-5.52	0.0567384
-5.51	0.0583415
-5.5	0.0599898
-5.49	0.0616846
-5.48	0.0634273
-5.47	0.0652192
-5.46	0.0670617
-5.45	0.0689561
-5.44	0.0709041
-5.43	0.072907
-5.42	0.0749665
-5.41	0.0770841
-5.4	0.0792615
-5.39	0.0815004
-5.38	0.0838025
-5.37	0.0861696
-5.36	0.0886035
-5.35	0.0911061
-5.34	0.0936794
-5.33	0.0963253
-5.32	0.0990459
-5.31	0.101843
-5.3	0.10472
-5.29	0.107677
-5.28	0.110719
-5.27	0.113846
-5.26	0.117061
-5.25	0.120367
-5.24	0.123767
-5.23	0.127262
-5.22	0.130856
-5.21	0.134552
-5.2	0.138352
-5.19	0.142259
-5.18	0.146277
-5.17	0.150408
-5.16	0.154655
-5.15	0.159023
-5.14	0.163514
-5.13	0.168132
-5.12	0.17288
-5.11	0.177762
-5.1	0.182782
-5.09	0.187944
-5.08	0.193252
-5.07	0.198709
-5.06	0.204321
-5.05	0.210091
-5.04	0.216024
-5.03	0.222125
-5.02	0.228398
-5.01	0.234848
-5	0.24148
-4.99	0.24828
-4.98	0.255068
-4.97	0.261822
-4.96	0.268543
-4.95	0.275228
-4.94	0.281876
-4.93	0.288485
-4.92	0.295055
-4.91	0.301583
-4.9	0.308068
-4.89	0.314509
-4.88	0.320903
-4.87	0.32725
-4.86	0.333548
-4.85	0.339796
-4.84	0.345991
-4.83	0.352132
-4.82	0.358217
-4.81	0.364245
-4.8	0.370214
-4.79	0.376123
-4.78	0.381969
-4.77	0.387751
-4.76	0.393468
-4.75	0.399117
-4.74	0.404697
-4.73	0.410206
-4.72	0.415642
-4.71	0.421005
-4.7	0.426291
-4.69	0.431499
-4.68	0.436627
-4.67	0.441674
-4.66	0.446638
-4.65	0.451517
-4.64	0.456309
-4.63	0.461013
-4.62	0.465626
-4.61	0.470148
-4.6	0.474576
-4.59	0.478908
-4.58	0.483143
-4.57	0.487278
-4.56	0.491313
-4.55	0.495246
-4.54	0.499074
-4.53	0.502797
-4.52	0.506412
-4.51	0.509917
-4.5	0.513311
-4.49	0.516593
-4.48	0.519761
-4.47	0.522812
-4.46	0.525746
-4.45	0.528561
-4.44	0.531255
-4.43	0.533827
-4.42	0.536274
-4.41	0.538597
-4.4	0.540793
-4.39	0.54286
-4.38	0.544797
-4.37	0.546604
-4.36	0.548277
-4.35	0.549817
-4.34	0.551222
-4.33	0.55249
-4.32	0.55362
-4.31	0.554611
-4.3	0.555461
-4.29	0.556171
-4.28	0.556737
-4.27	0.55716
-4.26	0.557438
-4.25	0.557571
-4.24	0.557556
-4.23	0.557394
-4.22	0.557083
-4.21	0.556623
-4.2	0.556013
-4.19	0.555251
-4.18	0.554337
-4.17	0.553272
-4.16	0.552053
-4.15	0.55068
-4.14	0.549153
-4.13	0.547472
-4.12	0.545635
-4.11	0.543643
-4.1	0.541495
-4.09	0.53919
-4.08	0.53673
-4.07	0.534113
-4.06	0.531339
-4.05	0.528409
-4.04	0.525322
-4.03	0.522079
-4.02	0.518679
-4.01	0.515123
-4	0.511411
-3.99	0.507543
-3.98	0.50352
-3.97	0.499341
-3.96	0.495009
-3.95	0.490522
-3.94	0.485883
-3.93	0.48109
-3.92	0.476146
-3.91	0.471051
-3.9	0.465806
-3.89	0.460411
-3.88	0.454869
-3.87	0.449179
-3.86	0.443343
-3.85	0.437363
-3.84	0.431239
-3.83	0.424973
-3.82	0.418566
-3.81	0.41202
-3.8	0.405336
-3.79	0.398516
-3.78	0.391562
-3.77	0.384475
-3.76	0.377258
-3.75	0.369911
-3.74	0.362438
-3.73	0.354839
-3.72	0.347118
-3.71	0.339276
-3.7	0.331316
-3.69	0.323239
-3.68	0.315049
-3.67	0.306747
-3.66	0.298336
-3.65	0.289819
-3.64	0.281198
-3.63	0.272476
-3.62	0.263655
-3.61	0.254739
-3.6	0.245731
-3.59	0.236632
-3.58	0.227447
-3.57	0.218178
-3.56	0.208829
-3.55	0.199402
-3.54	0.189901
-3.53	0.180328
-3.52	0.170688
-3.51	0.160984
-3.5	0.151219
-3.49	0.141397
-3.48	0.13152
-3.47	0.121594
-3.46	0.11162
-3.45	0.101604
-3.44	0.0915488
-3.43	0.0814578
-3.42	0.0713351
-3.41	0.0611846
-3.4	0.05101
-3.39	0.0408155
-3.38	0.0306048
-3.37	0.020382
-3.36	0.0101511
-3.35	-8.38548e-05
-3.34	-0.0103188
-3.33	-0.0205495
-3.32	-0.030772
-3.31	-0.0409821
-3.3	-0.0511755
-3.29	-0.0613481
-3.28	-0.0714957
-3.27	-0.081614
-3.26	-0.0916988
-3.25	-0.101746
-3.24	-0.111751
-3.23	-0.121709
-3.22	-0.131618
-3.21	-0.141471
-3.2	-0.151265
-3.19	-0.160995
-3.18	-0.170658
-3.17	-0.180248
-3.16	-0.189763
-3.15	-0.199196
-3.14	-0.208545
-3.13	-0.217805
-3.12	-0.226971
-3.11	-0.23604
-3.1	-0.245007
-3.09	-0.253868
-3.08	-0.262619
-3.07	-0.271256
-3.06	-0.279775
-3.05	-0.288171
-3.04	-0.296441
-3.03	-0.304581
-3.02	-0.312586
-3.01	-0.320453
-3	-0.328179
-2.99	-0.335758
-2.98	-0.343187
-2.97	-0.350464
-2.96	-0.357583
-2.95	-0.364541
-2.94	-0.371336
-2.93	-0.377962
-2.92	-0.384418
-2.91	-0.390699
-2.9	-0.396802
-2.89	-0.402724
-2.88	-0.408462
-2.87	-0.414013
-2.86	-0.419373
-2.85	-0.42454
-2.84	-0.429511
-2.83	-0.434283
-2.82	-0.438853
-2.81	-0.443219
-2.8	-0.447378
-2.79	-0.451328
-2.78	-0.455067
-2.77	-0.458591
-2.76	-0.4619
-2.75	-0.46499
-2.74	-0.467861
-2.73	-0.470509
-2.72	-0.472934
-2.71	-0.475133
-2.7	-0.477106
-2.69	-0.47885
-2.68	-0.480364
-2.67	-0.481648
-2.66	-0.482699
-2.65	-0.483517
-2.64	-0.484101
-2.63	-0.484451
-2.62	-0.484565
-2.61	-0.484442
-2.6	-0.484084
-2.59	-0.483488
-2.58	-0.482655
-2.57	-0.481585
-2.56	-0.480278
-2.55	-0.478734
-2.54	-0.476954
-2.53	-0.474937
-2.52	-0.472684
-2.51	-0.470196
-2.5	-0.467474
-2.49	-0.464518
-2.48	-0.46133
-2.47	-0.45791
-2.46	-0.454261
-2.45	-0.450382
-2.44	-0.446277
-2.43	-0.441946
-2.42	-0.437391
-2.41	-0.432614
-2.4	-0.427617
-2.39	-0.422403
-2.38	-0.416973
-2.37	-0.41133
-2.36	-0.405476
-2.35	-0.399414
-2.34	-0.393147
-2.33	-0.386677
-2.32	-0.380008
-2.31	-0.373143
-2.3	-0.366084
-2.29	-0.358835
-2.28	-0.3514
-2.27	-0.343782
-2.26	-0.335985
-2.25	-0.328012
-2.24	-0.319868
-2.23	-0.311556
-2.22	-0.303081
-2.21	-0.294446
-2.2	-0.285656
-2.19	-0.276715
-2.18	-0.267628
-2.17	-0.258399
-2.16	-0.249034
-2.15	-0.239536
-2.14	-0.22991
-2.13	-0.220162
-2.12	-0.210297
-2.11	-0.200319
-2.1	-0.190234
-2.09	-0.180046
-2.08	-0.169763
-2.07	-0.159387
-2.06	-0.148926
-2.05	-0.138385
-2.04	-0.127769
-2.03	-0.117083
-2.02	-0.106335
-2.01	-0.095528
-2	-0.0846695
-1.99	-0.0737649
-1.98	-0.0628201
-1.97	-0.051841
-1.96	-0.0408336
-1.95	-0.0298038
-1.94	-0.0187576
-1.93	-0.00770117
-1.92	0.00335952
-1.91	0.0144184
-1.9	0.0254692
-1.89	0.0365061
-1.88	0.0475227
-1.87	0.058513
-1.86	0.0694708
-1.85	0.0803901
-1.84	0.0912647
-1.83	0.102088
-1.82	0.112855
-1.81	0.123559
-1.8	0.134194
-1.79	0.144754
-1.78	0.155232
-1.77	0.165624
-1.76	0.175922
-1.75	0.186122
-1.74	0.196216
-1.73	0.2062
-1.72	0.216068
-1.71	0.225813
-1.7	0.235431
-1.69	0.244915
-1.68	0.25426
-1.67	0.263461
-1.66	0.272512
-1.65	0.281408
-1.64	0.290143
-1.63	0.298713
-1.62	0.307112
-1.61	0.315335
-1.6	0.323378
-1.59	0.331236
-1.58	0.338903
-1.57	0.346376
-1.56	0.353649
-1.55	0.360719
-1.54	0.367581
-1.53	0.374231
-1.52	0.380665
-1.51	0.386878
-1.5	0.392868
-1.49	0.39863
-1.48	0.40416
-1.47	0.409456
-1.46	0.414514
-1.45	0.419331
-1.44	0.423904
-1.43	0.428229
-1.42	0.432305
-1.41	0.436128
-1.4	0.439696
-1.39	0.443006
-1.38	0.446057
-1.37	0.448847
-1.36	0.451373
-1.35	0.453634
-1.34	0.455628
-1.33	0.457354
-1.32	0.458811
-1.31	0.459997
-1.3	0.460912
-1.29	0.461554
-1.28	0.461924
-1.27	0.46202
-1.26	0.461842
-1.25	0.461391
-1.24	0.460666
-1.23	0.459668
-1.22	0.458397
-1.21	0.456852
-1.2	0.455036
-1.19	0.452949
-1.18	0.450592
-1.17	0.447966
-1.16	0.445073
-1.15	0.441913
-1.14	0.43849
-1.13	0.434804
-1.12	0.430857
-1.11	0.426653
-1.1	0.422192
-1.09	0.417478
-1.08	0.412513
-1.07	0.4073
-1.06	0.401842
-1.05	0.396142
-1.04	0.390204
-1.03	0.38403
-1.02	0.377625
-1.01	0.370992
-1	0.364134
-0.99	0.357057
-0.98	0.349763
-0.97	0.342258
-0.96	0.334546
-0.95	0.326631
-0.94	0.318517
-0.93	0.310211
-0.92	0.301716
-0.91	0.293038
-0.9	0.284182
-0.89	0.275152
-0.88	0.265956
-0.87	0.256597
-0.86	0.247082
-0.85	0.237417
-0.84	0.227606
-0.83	0.217657
-0.82	0.207574
-0.81	0.197365
-0.8	0.187036
-0.79	0.176591
-0.78	0.166039
-0.77	0.155385
-0.76	0.144636
-0.75	0.133798
-0.74	0.122879
-0.73	0.111883
-0.72	0.10082
-0.71	0.0896939
-0.7	0.078513
-0.69	0.0672839
-0.68	0.0560134
-0.67	0.0447084
-0.66	0.0333759
-0.65	0.0220229
-0.64	0.0106563
-0.63	-0.000716885
-0.62	-0.0120896
-0.61	-0.0234549
-0.6	-0.0348057
-0.59	-0.046135
-0.58	-0.0574358
-0.57	-0.0687011
-0.56	-0.079924
-0.55	-0.0910975
-0.54	-0.102215
-0.53	-0.113269
-0.52	-0.124252
-0.51	-0.135159
-0.5	-0.145982
-0.49	-0.156715
-0.48	-0.167351
-0.47	-0.177883
-0.46	-0.188304
-0.45	-0.198609
-0.44	-0.208791
-0.43	-0.218843
-0.42	-0.228759
-0.41	-0.238533
-0.4	-0.248159
-0.39	-0.257631
-0.38	-0.266943
-0.37	-0.276088
-0.36	-0.285062
-0.35	-0.293859
-0.34	-0.302473
-0.33	-0.310899
-0.32	-0.319132
-0.31	-0.327165
-0.3	-0.334995
-0.29	-0.342617
-0.28	-0.350025
-0.27	-0.357215
-0.26	-0.364183
-0.25	-0.370923
-0.24	-0.377433
-0.23	-0.383707
-0.22	-0.389742
-0.21	-0.395534
-0.2	-0.401079
-0.19	-0.406375
-0.18	-0.411416
-0.17	-0.416201
-0.16	-0.420727
-0.15	-0.42499
-0.14	-0.428987
-0.13	-0.432717
-0.12	-0.436177
-0.11	-0.439365
-0.1	-0.442278
-0.09	-0.444916
-0.08	-0.447275
-0.07	-0.449355
-0.06	-0.451155
-0.05	-0.452673
-0.04	-0.453908
-0.03	-0.45486
-0.02	-0.455528
-0.01	-0.455912
0	-0.45601
0.01	-0.455912
0.02	-0.455528
0.03	-0.45486
0.04	-0.453908
0.05	-0.452673
0.06	-0.451155
0.07	-0.449355
0.08	-0.447275
0.09	-0.444916
0.1	-0.442278
0.11	-0.439365
0.12	-0.436177
0.13	-0.432717
0.14	-0.428987
0.15	-0.42499
0.16	-0.420727
0.17	-0.416201
0.18	-0.411416
0.19	-0.406375
0.2	-0.401079
0.21	-0.395534
0.22	-0.389742
0.23	-0.383707
0.24	-0.377433
0.25	-0.370923
0.26	-0.364183
0.27	-0.357215
0.28	-0.350025
0.29	-0.342617
0.3	-0.334995
0.31	-0.327165
0.32	-0.319132
0.33	-0.310899
0.34	-0.302473
0.35	-0.293859
0.36	-0.285062
0.37	-0.276088
0.38	-0.266943
0.39	-0.257631
0.4	-0.248159
0.41	-0.238533
0.42	-0.228759
0.43	-0.218843
0.44	-0.208791
0.45	-0.198609
0.46	-0.188304
0.47	-0.177883
0.48	-0.167351
0.49	-0.156715
0.5	-0.145982
0.51	-0.135159
0.52	-0.124252
0.53	-0.113269
0.54	-0.102215
0.55	-0.0910975
0.56	-0.079924
0.57	-0.0687011
0.58	-0.0574358
0.59	-0.046135
0.6	-0.0348057
0.61	-0.0234549
0.62	-0.0120896
0.63	-0.000716885
0.64	0.0106563
0.65	0.0220229
0.66	0.0333759
0.67	0.0447084
0.68	0.0560134
0.69	0.0672839
0.7	0.078513
0.71	0.0896939
0.72	0.10082
0.73	0.111883
0.74	0.122879
0.75	0.133798
0.76	0.144636
0.77	0.155385
0.78	0.166039
0.79	0.176591
0.8	0.187036
0.81	0.197365
0.82	0.207574
0.83	0.217657
0.84	0.227606
0.85	0.237417
0.86	0.247082
0.87	0.256597
0.88	0.265956
0.89	0.275152
0.9	0.284182
0.91	0.293038
0.92	0.301716
0.93	0.310211
0.94	0.318517
0.95	0.326631
0.96	0.334546
0.97	0.342258
0.98	0.349763
0.99	0.357057
1	0.364134
1.01	0.370992
1.02	0.377625
1.03	0.38403
1.04	0.390204
1.05	0.396142
1.06	0.401842
1.07	0.4073
1.08	0.412513
1.09	0.417478
1.1	0.422192
1.11	0.426653
1.12	0.430857
1.13	0.434804
1.14	0.43849
1.15	0.441913
1.16	0.445073
1.17	0.447966
1.18	0.450592
1.19	0.452949
1.2	0.455036
1.21	0.456852
1.22	0.458397
1.23	0.459668
1.24	0.460666
1.25	0.461391
1.26	0.461842
1.27	0.46202
1.28	0.461924
1.29	0.461554
1.3	0.460912
1.31	0.459997
1.32	0.458811
1.33	0.457354
1.34	0.455628
1.35	0.453634
1.36	0.451373
1.37	0.448847
1.38	0.446057
1.39	0.443006
1.4	0.439696
1.41	0.436128
1.42	0.432305
1.43	0.428229
1.44	0.423904
1.45	0.419331
1.46	0.414514
1.47	0.409456
1.48	0.40416
1.49	0.39863
1.5	0.392868
1.51	0.386878
1.52	0.380665
1.53	0.374231
1.54	0.367581
1.55	0.360719
1.56	0.353649
1.57	0.346376
1.58	0.338903
1.59	0.331236
1.6	0.323378
1.61	0.315335
1.62	0.307112
1.63	0.298713
1.64	0.290143
1.65	0.281408
1.66	0.272512
1.67	0.263461
1.68	0.25426
1.69	0.244915
1.7	0.235431
1.71	0.225813
1.72	0.216068
1.73	0.2062
1.74	0.196216
1.75	0.186122
1.76	0.175922
1.77	0.165624
1.78	0.155232
1.79	0.144754
1.8	0.134194
1.81	0.123559
1.82	0.112855
1.83	0.102088
1.84	0.0912647
1.85	0.0803901
1.86	0.0694708
1.87	0.058513
1.88	0.0475227
1.89	0.0365061
1.9	0.0254692
1.91	0.0144184
1.92	0.00335952
1.93	-0.00770117
1.94	-0.0187576
1.95	-0.0298038
1.96	-0.0408336
1.97	-0.051841
1.98	-0.0628201
1.99	-0.0737649
2	-0.0846695
2.01	-0.095528
2.02	-0.106335
2.03	-0.117083
2.04	-0.127769
2.05	-0.138385
2.06	-0.148926
2.07	-0.159387
2.08	-0.169763
2.09	-0.180046
2.1	-0.190234
2.11	-0.200319
2.12	-0.210297
2.13	-0.220162
2.14	-0.22991
2.15	-0.239536
2.16	-0.249034
2.17	-0.258399
2.18	-0.267628
2.19	-0.276715
2.2	-0.285656
2.21	-0.294446
2.22	-0.303081
2.23	-0.311556
2.24	-0.319868
2.25	-0.328012
2.26	-0.335985
2.27	-0.343782
2.28	-0.3514
2.29	-0.358835
2.3	-0.366084
2.31	-0.373143
2.32	-0.380008
2.33	-0.386677
2.34	-0.393147
2.35	-0.399414
2.36	-0.405476
2.37	-0.41133
2.38	-0.416973
2.39	-0.422403
2.4	-0.427617
2.41	-0.432614
2.42	-0.437391
2.43	-0.441946
2.44	-0.446277
2.45	-0.450382
2.46	-0.454261
2.47	-0.45791
2.48	-0.46133
2.49	-0.464518
2.5	-0.467474
2.51	-0.470196
2.52	-0.472684
2.53	-0.474937
2.54	-0.476954
2.55	-0.478734
2.56	-0.480278
2.57	-0.481585
2.58	-0.482655
2.59	-0.483488
2.6	-0.484084
2.61	-0.484442
2.62	-0.484565
2.63	-0.484451
2.64	-0.484101
2.65	-0.483517
2.66	-0.482699
2.67	-0.481648
2.68	-0.480364
2.69	-0.47885
2.7	-0.477106
2.71	-0.475133
2.72	-0.472934
2.73	-0.470509
2.74	-0.467861
2.75	-0.46499
2.76	-0.4619
2.77	-0.458591
2.78	-0.455067
2.79	-0.451328
2.8	-0.447378
2.81	-0.443219
2.82	-0.438853
2.83	-0.434283
2.84	-0.429511
2.85	-0.42454
2.86	-0.419373
2.87	-0.414013
2.88	-0.408462
2.89	-0.402724
2.9	-0.396802
2.91	-0.390699
2.92	-0.384418
2.93	-0.377962
2.94	-0.371336
2.95	-0.364541
2.96	-0.357583
2.97	-0.350464
2.98	-0.343187
2.99	-0.335758
3	-0.328179
3.01	-0.320453
3.02	-0.312586
3.03	-0.304581
3.04	-0.296441
3.05	-0.288171
3.06	-0.279775
3.07	-0.271256
3.08	-0.262619
3.09	-0.253868
3.1	-0.245007
3.11	-0.23604
3.12	-0.226971
3.13	-0.217805
3.14	-0.208545
3.15	-0.199196
3.16	-0.189763
3.17	-0.180248
3.18	-0.170658
3.19	-0.160995
3.2	-0.151265
3.21	-0.141471
3.22	-0.131618
3.23	-0.121709
3.24	-0.111751
3.25	-0.101746
3.26	-0.0916988
3.27	-0.081614
3.28	-0.0714957
3.29	-0.0613481
3.3	-0.0511755
3.31	-0.0409821
3.32	-0.030772
3.33	-0.0205495
3.34	-0.0103188
3.35	-8.38548e-05
3.36	0.0101511
3.37	0.020382
3.38	0.0306048
3.39	0.0408155
3.4	0.05101
3.41	0.0611846
3.42	0.0713351
3.43	0.0814578
3.44	0.0915488
3.45	0.101604
3.46	0.11162
3.47	0.121594
3.48	0.13152
3.49	0.141397
3.5	0.151219
3.51	0.160984
3.52	0.170688
3.53	0.180328
3.54	0.189901
3.55	0.199402
3.56	0.208829
3.57	0.218178
3.58	0.227447
3.59	0.236632
3.6	0.245731
3.61	0.254739
3.62	0.263655
3.63	0.272476
3.64	0.281198
3.65	0.289819
3.66	0.298336
3.67	0.306747
3.68	0.315049
3.69	0.323239
3.7	0.331316
3.71	0.339276
3.72	0.347118
3.73	0.354839
3.74	0.362438
3.75	0.369911
3.76	0.377258
3.77	0.384475
3.78	0.391562
3.79	0.398516
3.8	0.405336
3.81	0.41202
3.82	0.418566
3.83	0.424973
3.84	0.431239
3.85	0.437363
3.86	0.443343
3.87	0.449179
3.88	0.454869
3.89	0.460411
3.9	0.465806
3.91	0.471051
3.92	0.476146
3.93	0.48109
3.94	0.485883
3.95	0.490522
3.96	0.495009
3.97	0.499341
3.98	0.50352
3.99	0.507543
4	0.511411
4.01	0.515123
4.02	0.518679
4.03	0.522079
4.04	0.525322
4.05	0.528409
4.06	0.531339
4.07	0.534113
4.08	0.53673
4.09	0.53919
4.1	0.541495
4.11	0.543643
4.12	0.545635
4.13	0.547472
4.14	0.549153
4.15	0.55068
4.16	0.552053
4.17	0.553272
4.18	0.554337
4.19	0.555251
4.2	0.556013
4.21	0.556623
4.22	0.557083
4.23	0.557394
4.24	0.557556
4.25	0.557571
4.26	0.557438
4.27	0.55716
4.28	0.556737
4.29	0.556171
4.3	0.555461
4.31	0.554611
4.32	0.55362
4.33	0.55249
4.34	0.551222
4.35	0.549817
4.36	0.548277
4.37	0.546604
4.38	0.544797
4.39	0.54286
4.4	0.540793
4.41	0.538597
4.42	0.536274
4.43	0.533827
4.44	0.531255
4.45	0.528561
4.46	0.525746
4.47	0.522812
4.48	0.519761
4.49	0.516593
4.5	0.513311
4.51	0.509917
4.52	0.506412
4.53	0.502797
4.54	0.499074
4.55	0.495246
4.56	0.491313
4.57	0.487278
4.58	0.483143
4.59	0.478908
4.6	0.474576
4.61	0.470148
4.62	0.465626
4.63	0.461013
4.64	0.456309
4.65	0.451517
4.66	0.446638
4.67	0.441674
4.68	0.436627
4.69	0.431499
4.7	0.426291
4.71	0.421005
4.72	0.415642
4.73	0.410206
4.74	0.404697
4.75	0.399117
4.76	0.393468
4.77	0.387751
4.78	0.381969
4.79	0.376123
4.8	0.370214
4.81	0.364245
4.82	0.358217
4.83	0.352132
4.84	0.345991
4.85	0.339796
4.86	0.333548
4.87	0.32725
4.88	0.320903
4.89	0.314509
4.9	0.308068
4.91	0.301583
4.92	0.295055
4.93	0.288485
4.94	0.281876
4.95	0.275228
4.96	0.268543
4.97	0.261822
4.98	0.255068
4.99	0.24828
5	0.24148
5.01	0.234848
5.02	0.228398
5.03	0.222125
5.04	0.216024
5.05	0.210091
5.06	0.204321
5.07	0.198709
5.08	0.193252
5.09	0.187944
5.1	0.182782
5.11	0.177762
5.12	0.17288
5.13	0.168132
5.14	0.163514
5.15	0.159023
5.16	0.154655
5.17	0.150408
5.18	0.146277
5.19	0.142259
5.2	0.138352
5.21	0.134552
5.22	0.130856
5.23	0.127262
5.24	0.123767
5.25	0.120367
5.26	0.117061
5.27	0.113846
5.28	0.110719
5.29	0.107677
5.3	0.10472
5.31	0.101843
5.32	0.0990459
5.33	0.0963253
5.34	0.0936794
5.35	0.0911061
5.36	0.0886035
5.37	0.0861696
5.38	0.0838025
5.39	0.0815004
5.4	0.0792615
5.41	0.0770841
5.42	0.0749665
5.43	0.072907
5.44	0.0709041
5.45	0.0689561
5.46	0.0670617
5.47	0.0652192
5.48	0.0634273
5.49	0.0616846
5.5	0.0599898
5.51	0.0583415
5.52	0.0567384
5.53	0.0551793
5.54	0.053663
5.55	0.0521884
5.56	0.0507542
5.57	0.0493594
5.58	0.0480028
5.59	0.0466835
5.6	0.0454004
5.61	0.0441525
5.62	0.0429388
5.63	0.0417585
5.64	0.0406105
5.65	0.039494
5.66	0.0384082
5.67	0.0373521
5.68	0.0363251
5.69	0.0353261
5.7	0.0343546
5.71	0.0334097
5.72	0.0324908
5.73	0.031597
5.74	0.0307278
5.75	0.0298823
5.76	0.0290601
5.77	0.0282603
5.78	0.0274825
5.79	0.0267261
5.8	0.0259903
5.81	0.0252747
5.82	0.0245787
5.83	0.0239018
5.84	0.0232434
5.85	0.022603
5.86	0.0219801
5.87	0.0213743
5.88	0.0207851
5.89	0.020212
5.9	0.0196546
5.91	0.0191124
5.92	0.0185851
5.93	0.0180721
5.94	0.0175732
5.95	0.0170879
5.96	0.0166158
5.97	0.0161567
5.98	0.01571
5.99	0.0152756
6	0.014853
6.01	0.0144419
6.02	0.014042
6.03	0.013653
6.04	0.0132746
6.05	0.0129065
6.06	0.0125484
6.07	0.0122
6.08	0.0118611
6.09	0.0115314
6.1	0.0112107
6.11	0.0108986
6.12	0.010595
6.13	0.0102996
6.14	0.0100122
6.15	0.00973253
6.16	0.00946043
6.17	0.00919567
6.18	0.00893804
6.19	0.00868734
6.2	0.00844338
6.21	0.00820597
6.22	0.00797492
6.23	0.00775006
6.24	0.00753121
6.25	0.0073182
6.26	0.00711086
6.27	0.00690904
6.28	0.00671258
6.29	0.00652132
6.3	0.00633512
6.31	0.00615384
6.32	0.00597732
6.33	0.00580545
6.34	0.00563807
6.35	0.00547507
6.36	0.00531631
6.37	0.00516168
6.38	0.00501105
6.39	0.0048643
6.4	0.00472133
6.41	0.00458202
6.42	0.00444627
6.43	0.00431396
6.44	0.004185
6.45	0.00405928
6.46	0.00393671
6.47	0.0038172
6.48	0.00370064
6.49	0.00358696
6.5	0.00347606
6.51	0.00336785
6.52	0.00326226
6.53	0.00315919
6.54	0.00305858
6.55	0.00296033
6.56	0.00286439
6.57	0.00277066
6.58	0.00267908
6.59	0.00258959
6.6	0.0025021
6.61	0.00241655
6.62	0.00233287
6.63	0.002251
6.64	0.00217088
6.65	0.00209245
6.66	0.00201563
6.67	0.00194038
6.68	0.00186663
6.69	0.00179434
6.7	0.00172343
6.71	0.00165386
6.72	0.00158557
6.73	0.00151851
6.74	0.00145263
6.75	0.00138788
6.76	0.0013242
6.77	0.00126155
6.78	0.00119988
6.79	0.00113914
6.8	0.00107928
6.81	0.00102026
6.82	0.000962029
6.83	0.000904545
6.84	0.000847763
6.85	0.000791639
6.86	0.000736128
6.87	0.000681188
6.88	0.000626777
6.89	0.000572852
6.9	0.000519371
6.91	0.000466292
6.92	0.000413576
6.93	0.00036118
6.94	0.000309064
6.95	0.000257188
6.96	0.000205512
6.97	0.000153994
6.98	0.000102597
6.99	5.12784e-05
7	0
