650
678
592
576
668
620
566
552
534
466
466
458
510
442
472
544
526
518
550
578
608
566
588
556
538
606
568
576
616
640
644
572
534
446
456
528
514
422
384
370
350
308
252
278
324
270
246
284
284
396
334
352
388
316
292
310
308
292
324
310
246
196
246
256
302
326
314
388
400
376
414
360
352
334
336
234
290
294
374
416
374
388
396
422
436
448
464
440
404
364
306
238
238
280
322
310
252
304
366
378
362
296
292
290
316
280
322
304
258
296
254
332
368
368
424
330
230
258
206
244
296
356
324
346
348
362
422
440
464
492
478
458
464
502
458
400
444
386
348
326
336
278
268
230
234
226
228
210
198
210
214
180
216
160
156
132
110
126
140
100
48
74
98
84
124
144
118
116
198
176
104
54
98
24
-8
42
6
14
-34
18
28
-18
-8
32
10
-66
-76
-110
-74
-60
-16
-2
-38
-16
-12
-128
-160
-146
-20
58
100
116
120
46
26
48
96
176
196
226
306
340
332
324
338
426
418
496
382
356
332
332
320
300
354
322
352
310
306
350
380
356
352
390
366
316
248
202
238
292
270
290
314
376
352
368
418
482
436
484
482
440
400
360
412
526
608
602
596
586
614
624
564
574
640
644
642
610
588
706
730
634
572
616
614
718
682
732
762
792
774
868
850
858
814
860
748
828
786
894
896
918
892
960
936
972
1056
1078
1078
1058
1028
1060
1036
982
884
950
882
930
956
956
958
1000
1020
1010
1038
1000
1012
1032
1024
1118
1096
1186
1226
1246
1238
1200
1244
1250
1314
1292
1250
1258
1330
1370
1380
1390
1408
1462
1470
1492
1602
1662
1592
1608
1726
1758
1790
1814
1844
1828
1834
1964
2004
1970
1938
1882
1862
1840
1780
1786
1856
1786
1816
1846
1966
1954
1942
1886
1874
1868
1850
1774
1824
1838
1818
1800
1776
1744
1766
1748
1692
1708
1666
1722
1782
1810
1832
1820
1744
1728
1762
1802
1824
1770
1790
1788
1764
1730
1646
1728
1740
1712
1726
1646
1610
1622
1628
1592
1604
1584
1598
1576
1588
1538
1526
1486
1492
1490
1428
1460
1514
1470
1418
1360
1340
1310
1288
1280
1292
1334
1374
1324
1402
1344
1358
1364
1348
1324
1264
1310
1366
1382
1396
1404
1470
1444
1432
1426
1488
1500
1500
1556
1624
1634
1682
1668
1692
1684
1712
1766
1758
1754
1760
1740
1690
1616
1676
1738
1752
1736
1776
1774
1704
1706
1622
1698
1714
1748
1726
1752
1754
1716
1714
1630
1720
1684
1632
1674
1678
1726
1784
1740
1732
1700
1712
1724
1682
1654
1676
1664
1700
1782
1804
1742
1754
1660
1662
1628
1578
1638
1550
1548
1638
1720
1678
1748
1724
1696
1790
1752
1764
1774
1806
1816
1814
1810
1864
1896
1866
1862
1780
1702
1638
1710
1702
1666
1656
1618
1586
1624
1596
1640
1602
1586
1564
1706
1756
1818
1802
1872
1868
1890
1906
1882
1856
1938
1926
1916
1918
1892
1912
1880
1950
1950
1956
1960
1960
1988
1982
2002
1950
1948
1944
1908
1854
1870
1864
1840
1780
1788
1830
1836
1778
1798
1766
1818
1828
1788
1794
1822
1806
1754
1720
1706
1688
1666
1624
1632
1690
1734
1722
1674
1706
1660
1590
1684
1740
1732
1708
1658
1634
1676
1538
1498
1386
1478
1506
1514
1548
1582
1526
1504
1488
1482
1500
1524
1586
1592
1672
1684
1692
1698
1688
1654
1684
1726
1778
1810
1850
1828
1816
1830
1854
1824
1850
1794
1800
1780
1806
1818
1860
1770
1758
1684
1718
1698
1646
1588
1524
1484
1506
1526
1530
1566
1500
1504
1552
1564
1542
1558
1608
1618
1612
1624
1632
1600
1574
1598
1548
1516
1564
1538
1582
1600
1604
1644
1632
1658
1652
1692
1700
1716
1786
1762
1770
1684
1744
1652
1662
1634
1688
1632
1594
1630
1646
1656
1614
1598
1650
1598
1702
1650
1638
1690
1780
1762
1814
1770
1682
1724
1780
1806
1784
1798
1756
1682
1626
1642
1652
1672
1614
1552
1476
1452
1478
1484
1550
1576
1504
1474
1466
1464
1452
1456
1470
1488
1470
1422
1470
1438
1460
1482
1508
1544
1444
1438
1504
1460
1458
1444
1378
1398
1456
1464
1430
1452
1416
1372
1434
1448
1506
1542
1528
1516
1512
1526
1554
1634
1686
1642
1666
1626
1620
1592
1622
1600
1550
1554
1530
1546
1526
1554
1524
1522
1532
1556
1592
1570
1568
1476
1540
1566
1588
1590
1594
1612
1630
1706
1680
1674
1650
1632
1640
1690
1700
1646
1672
1610
1604
1670
1626
1632
1650
1660
1594
1580
1586
1532
1538
1490
1470
1430
1420
1502
1540
1496
1472
1532
1520
1468
1394
1416
1426
1484
1422
1472
1526
1506
1496
1400
1278
1194
1196
1184
1184
1188
1182
1142
1102
1094
1156
1136
1114
1124
1138
1152
1184
1194
1208
1196
1292
1312
1350
1342
1318
1312
1298
1314
1316
1294
1324
1314
1350
1390
1356
1340
1342
1350
1318
1338
1344
1270
1244
1304
1260
1238
1210
1140
1160
1208
1228
1264
1166
1226
1260
1350
1368
1352
1362
1376
1338
1310
1340
1358
1372
1358
1386
1338
1342
1362
1366
1318
1324
1322
1292
1370
1384
1444
1440
1398
1430
1400
1412
1396
1454
1376
1462
1476
1500
1502
1444
1442
1386
1364
1378
1408
1392
1426
1378
1280
1246
1266
1296
1302
1336
1312
1358
1342
1314
1304
1298
1246
1248
1294
1374
1354
1354
1362
1382
1378
1332
1344
1316
1382
1282
1308
1316
1244
1276
1272
1334
1396
1358
1360
1414
1422
1524
1518
1490
1490
1516
1558
1524
1518
1540
1482
1474
1430
1430
1448
1482
1538
1476
1520
1526
1582
1596
1550
1484
1440
1506
1510
1472
1556
1552
1574
1514
1552
1588
1546
1482
1504
1516
1462
1438
1394
1426
1382
1414
1406
1426
1376
1354
1392
1384
1342
1470
1450
1538
1560
1636
1676
1614
1648
1612
1634
1690
1570
1512
1484
1514
1488
1464
1420
1386
1408
1414
1396
1350
1310
1360
1348
1338
1290
1340
1330
1348
1386
1396
1364
1342
1338
1302
1282
1252
1252
1254
1240
1272
1224
1170
1252
1188
1208
1182
1152
1178
1240
1300
1282
1302
1292
1326
1334
1372
1350
1396
1416
1372
1418
1382
1380
1332
1344
1400
1424
1446
1470
1468
1462
1454
1352
1412
1358
1342
1438
1390
1370
1310
1320
1384
1368
1362
1444
1484
1452
1520
1426
1396
1532
1508
1492
1500
1504
1470
1566
1608
1572
1570
1646
1636
1724
1758
1774
1680
1688
1682
1702
1760
1816
1750
1788
1802
1758
1718
1714
1724
1744
1704
1660
1672
1644
1586
1596
1652
1626
1648
1622
1634
1686
1666
1666
1644
1720
1740
1688
1738
1744
1760
1848
1814
1826
1816
1856
1850
1858
1856
1830
1808
1858
1910
1854
1922
1914
1956
1976
2026
1974
1836
1866
1870
1890
1832
1818
1698
1698
1742
1694
1696
1730
1720
1668
1724
1828
1778
1712
1718
1712
1716
1710
1790
1732
1700
1736
1754
1688
1742
1800
1786
1794
1796
1852
1830
1784
1852
1832
1856
1820
1772
1750
1810
1728
1708
1696
1758
1840
1832
1838
1808
1824
1776
1786
1750
1822
1886
1948
1912
1904
1968
1994
1984
1970
1988
2026
2030
2004
2008
1996
2016
1998
2020
1942
1950
1906
1902
1902
1954
1988
1982
1978
2004
2036
2050
2040
2046
2020
2038
2054
2012
2006
2024
2026
1998
2000
2036
2044
2034
1994
2014
1998
1932
1958
1900
1956
1998
1934
1958
2020
2038
2000
1966
1976
1982
1950
1908
1860
1894
1850
1830
1790
1780
1738
1784
1794
1898
1876
1898
1930
1944
2006
2008
1978
1972
1944
1970
2006
1978
2050
1980
1954
1888
1842
1866
1872
1820
1830
1836
1850
1786
1780
1844
1876
1916
1884
1894
1890
1814
1820
1900
1850
1890
1870
1856
1834
1830
1800
1706
1688
1688
1746
1754
1718
1618
1596
1632
1624
1574
1520
1542
1590
1572
1538
1540
1666
1636
1662
1666
1644
1646
1656
1652
1662
1682
1690
1648
1638
1678
1700
1710
1736
1692
1674
1660
1574
1610
1640
1654
1680
1718
1698
1732
1752
1702
1798
1712
1700
1682
1712
1718
1760
1826
1806
1832
1826
1818
1876
1878
1878
1872
1866
1808
1850
1830
1758
1776
1708
1706
1748
1726
1704
1662
1670
1654
1694
1658
1628
1674
1712
1684
1684
1684
1666
1698
1686
1622
1592
1630
1636
1626
1562
1580
1620
1540
1558
1558
1558
1530
1582
1524
1574
1558
1576
1580
1562
1528
1512
1540
1558
1596
1572
1602
1624
1606
1580
1494
1494
1552
1540
1470
1412
1460
1512
1538
1612
1548
1536
1494
1484
1508
1478
1476
1438
1390
1406
1434
1418
1404
1480
1456
1448
1484
1424
1476
1436
1416
1336
1284
1322
1310
1314
1256
1260
1292
1390
1448
1476
1496
1494
1490
1516
1484
1468
1504
1444
1370
1330
1394
1390
1418
1434
1418
1380
1558
1522
1494
1522
1444
1452
1372
1312
1388
1376
1394
1320
1258
1302
1284
1288
1296
1270
1260
1164
1258
1208
1176
1202
1224
1252
1240
1204
1210
1258
1310
1276
1280
1384
1282
1238
1270
1304
1368
1424
1476
1568
1564
1586
1604
1594
1536
1552
1554
1522
1472
1460
1514
1522
1472
1492
1444
1498
1542
1594
1580
1586
1668
1674
1630
1606
1558
1580
1656
1678
1682
1694
1678
1644
1700
1644
1614
1636
1656
1718
1752
1862
1892
1920
1910
1940
1826
1794
1824
1888
1848
1848
1852
1838
1882
1942
1926
1962
1908
1818
1820
1794
1814
1840
1858
1822
1832
1770
1772
1786
1758
1726
1696
1706
1706
1662
1562
1562
1548
1530
1496
1514
1466
1522
1484
1474
1474
1496
1462
1482
1508
1508
1462
1448
1514
1572
1554
1522
1534
1622
1632
1582
1590
1650
1682
1664
1682
1748
1730
1702
1802
1820
1872
1888
1878
1840
1872
1876
1848
1870
1860
1926
1980
1950
1906
1936
1988
1962
1958
1962
1952
1930
2010
2040
1994
2018
1964
1928
1878
1888
1938
1998
2030
2078
2124
2064
2074
2044
2076
2126
2150
2142
2092
2056
2018
1998
1982
1968
1990
1940
1968
1950
1968
1946
1996
1982
1960
1986
2024
2026
1976
1940
1922
1916
1944
1890
1916
1904
1902
1896
1826
1840
1884
1936
1894
1940
2004
2004
2042
2044
2008
2010
2016
2014
2032
2030
1974
1976
1982
1964
1958
1956
1974
2006
1990
2008
1976
1888
1928
1896
1930
1928
2022
2016
2034
1974
1978
2012
2012
1982
1984
2016
2018
1964
1944
1982
1958
1984
2030
1970
2006
1988
1982
2068
2022
2052
2068
2078
2056
2018
1968
1960
1978
1988
1964
1922
1948
1958
1944
1938
1856
1814
1836
1862
1908
1916
1906
1960
1996
2034
2020
2020
2004
2006
1972
1930
1886
1844
1826
1832
1898
1916
1930
1916
1882
1884
1822
1802
1804
1842
1820
1780
1864
1890
1962
2028
2034
2032
1998
2026
2012
2004
1984
2002
1982
1924
1932
1884
1936
1924
1938
1956
1978
1968
2004
2014
2002
1972
1968
1974
1942
1948
1942
1942
1908
1886
1876
1932
1880
1824
1914
1972
1920
1944
1910
1936
1924
1884
1944
1892
1896
1956
1978
2010
1954
1976
1910
1866
1896
1910
1972
1870
1804
1838
1874
1902
1860
1884
1850
1900
1888
1892
1836
1776
1746
1746
1702
1682
1752
1782
1800
1748
1806
1768
1726
1808
1818
1816
1830
1794
1786
1784
1798
1814
1804
1866
1872
1920
1898
1910
1910
1954
1936
1892
1956
1934
2016
2034
2042
2064
2018
1988
1950
1946
1952
1928
1992
2014
2012
1998
2062
2018
2076
2118
2086
2062
2096
2016
2078
2056
2000
1998
1982
1960
2010
1996
1896
1864
1934
1920
1974
1972
1946
1908
1918
1926
1982
1916
1884
1960
2004
2006
1990
2002
1990
1980
2040
2028
1972
1960
1956
2020
2038
2062
2028
2028
2022
1998
1982
1980
2014
2062
2024
1960
1924
1956
1972
1976
1976
1948
1988
2036
2010
1984
1962
1942
1958
1978
2028
2152
2116
2092
2142
2088
2070
2090
2018
1990
1992
1972
2034
1950
1880
1838
1826
1768
1838
1850
1826
1896
1866
1844
1774
1814
1768
1766
1776
1782
1780
1792
1754
1716
1764
1732
1752
1748
1680
1668
1690
1680
1754
1794
1740
1740
1708
1616
1638
1602
1646
1572
1516
1506
1540
1544
1494
1496
1548
1604
1604
1602
1532
1544
1544
1596
1602
1594
1664
1694
1744
1792
1776
1806
1718
1730
1650
1670
1684
1660
1610
1614
1638
1644
1648
1666
1670
1624
1584
1592
1658
1704
1754
1758
1668
1734
1770
1690
1678
1626
1628
1606
1670
1696
1706
1760
1642
1640
1620
1626
1618
1600
1626
1636
1594
1598
1664
1712
1722
1746
1732
1712
1668
1612
1678
1676
1688
1686
1674
1680
1678
1612
1612
1612
1634
1706
1690
1648
1578
1622
1636
1562
1544
1504
1528
1608
1626
1578
1562
1564
1588
1572
1566
1526
1562
1500
1506
1458
1488
1526
1546
1562
1518
1544
1508
1480
1496
1470
1510
1570
1574
1530
1606
1560
1636
1600
1598
1748
1744
1760
1744
1658
1730
1662
1616
1584
1688
1714
1770
1780
1784
1774
1794
1812
1864
1896
1850
1760
1682
1684
1652
1618
1598
1598
1552
1528
1570
1572
1560
1500
1514
1490
1482
1442
1422
1452
1502
1528
1576
1572
1628
1648
1656
1618
1640
1700
1664
1722
1670
1646
1644
1662
1674
1684
1672
1666
1628
1682
1634
1676
1708
1710
1720
1748
1800
1804
1748
1730
1688
1728
1634
1626
1678
1738
1738
1738
1720
1672
1738
1728
1768
1778
1772
1766
1732
1738
1686
1634
1606
1676
1694
1710
1702
1682
1714
1726
1744
1708
1700
1686
1706
1682
1594
1626
1688
1724
1796
1846
1898
1906
1852
1830
1838
1804
1798
1754
1734
1842
1836
1876
1876
1888
1842
1838
1862
1920
1844
1856
1820
1784
1784
1794
1820
1848
1832
1790
1828
1836
1756
1792
1804
1900
1812
1856
1802
1836
1802
1826
1858
1878
1910
1892
1838
1870
1912
1882
1876
1886
1892
1828
1790
1814
1794
1798
1808
1820
1838
1820
1802
1752
1724
1668
1712
1716
1662
1640
1612
1616
1622
1638
1692
1796
1782
1832
1790
1744
1700
1724
1758
1784
1880
1768
1690
1656
1652
1638
1624
1558
1586
1542
1548
1580
1646
1646
1652
1652
1650
1658
1650
1668
1610
1562
1610
1648
1652
1680
1684
1634
1668
1682
1552
1502
1488
1480
1522
1546
1566
1562
1550
1594
1486
1504
1500
1470
1494
1524
1558
1536
1550
1652
1572
1610
1632
1584
1660
1674
1714
1676
1684
1724
1706
1708
1656
1712
1700
1758
1734
1766
1728
1758
1734
1672
1728
1720
1706
1730
1732
1738
1644
1608
1652
1646
1674
1686
1686
1714
1708
1638
1644
1626
1606
1568
1490
1518
1568
1622
1610
1582
1592
1590
1640
1598
1588
1628
1582
1572
1538
1550
1600
1622
1592
1592
1612
1634
1692
1666
1668
1676
1714
1728
1690
1660
1658
1678
1708
1706
1692
1716
1756
1722
1798
1808
1762
1822
1836
1830
1810
1902
1918
1926
1926
1916
1888
1932
1860
1840
1804
1854
1870
1842
1828
1782
1756
1750
1796
1758
1820
1808
1750
1720
1808
1828
1770
1696
1740
1670
1686
1702
1676
1676
1658
1674
1680
1584
1688
1688
1668
1656
1682
1678
1588
1584
1608
1648
1726
1756
1766
1748
1690
1740
1786
1786
1902
1964
1908
1892
1940
1946
1920
1890
1788
1732
1758
1760
1752
1764
1752
1756
1760
1734
1762
1764
1730
1746
1742
1762
1780
1792
1806
1750
1742
1690
1696
1684
1670
1756
1724
1772
1898
1802
1850
1846
1810
1806
1794
1834
1834
1856
1862
1886
1842
1810
1884
1882
1924
1958
1946
1954
1884
1880
1864
1784
1792
1828
1880
1916
1868
1890
1894
1858
1836
1856
1796
1778
1776
1810
1808
1836
1824
1864
1820
1770
1720
1752
1760
1768
1756
1824
1844
1856
1890
1820
1838
1824
1804
1834
1866
1766
1736
1688
1636
1660
1766
1738
1768
1736
1644
1608
1590
1616
1594
1720
1768
1814
1798
1838
1858
1878
1876
1860
1832
1838
1874
1774
1860
1836
1882
1878
1938
1966
1898
1882
1912
2004
1972
1990
1950
1912
1866
1844
1862
1980
1952
1906
1994
1958
1902
1846
1866
1914
1878
1846
1848
1848
1890
1804
1790
1782
1882
1884
1858
1758
1776
1748
1700
1682
1730
1772
1810
1840
1824
1848
1814
1814
1782
1816
1918
1904
1892
1832
1888
1932
1934
1892
1860
1852
1878
1868
1856
1882
1880
1834
1816
1822
1896
1864
1858
1820
1830
1862
1944
1930
1936
1890
1930
1896
1976
1978
1978
1946
1926
1856
1804
1772
1792
1746
1726
1712
1638
1678
1776
1774
1734
1702
1750
1788
1748
1760
1736
1726
1696
1714
1740
1708
1714
1704
1700
1686
1640
1694
1698
1700
1634
1618
1590
1604
1638
1624
1648
1676
1702
1748
1736
1780
1678
1746
1754
1686
1662
1652
1648
1644
1688
1688
1656
1606
1662
1578
1586
1582
1576
1610
1604
1678
1658
1672
1672
1702
1702
1662
1648
1574
1604
1542
1638
1608
1646
1668
1624
1598
1622
1588
1536
1522
1540
1584
1606
1582
1602
1634
1654
1604
1564
1526
1530
1508
1562
1548
1628
1656
1654
1712
1758
1782
1746
1782
1762
1658
1650
1654
1682
1644
1674
1602
1574
1552
1532
1524
1590
1590
1576
1588
1588
1612
1688
1588
1592
1660
1698
1682
1712
1700
1688
1740
1752
1814
1820
1808
1752
1748
1748
1710
1642
1682
1696
1666
1672
1674
1736
1716
1796
1788
1804
1752
1812
1800
1840
1784
1792
1780
1746
1812
1832
1860
1828
1918
1888
1902
1874
1858
1830
1796
1778
1734
1732
1738
1776
1810
1766
1846
1818
1790
1760
1782
1772
1822
1802
1844
1830
1826
1882
1862
1900
1910
1880
1814
1808
1854
1922
1888
1968
1916
1906
1886
1880
1874
1854
1898
1968
2022
2062
2016
1960
1924
1938
1860
1812
1848
1828
1808
1794
1844
1842
1856
1906
1872
1878
1828
1752
1776
1714
1756
1722
1692
1736
1778
1726
1674
1648
1636
1624
1632
1694
1716
1666
1644
1728
1760
1792
1752
1806
1854
1918
1902
1862
1796
1858
1868
1858
1788
1784
1786
1820
1842
1858
1912
1896
1890
1858
1860
1834
1810
1912
1976
1994
1930
1844
1838
1854
1922
1928
1894
1862
1884
1872
1852
1850
1868
1912
1892
1830
1864
1916
1904
1906
1916
1940
1920
1910
1910
1894
1872
1896
1850
1798
1838
1876
1906
1830
1760
1724
1686
1666
1692
1704
1666
1664
1688
1646
1660
1660
1698
1670
1694
1676
1662
1640
1664
1656
1596
1642
1698
1674
1662
1660
1634
1634
1604
1538
1568
1640
1576
1604
1602
1598
1566
1626
1548
1576
1598
1662
1634
1638
1626
1588
1604
1610
1588
1622
1664
1576
1538
1528
1548
1520
1454
1470
1446
1448
1500
1436
1388
1520
1516
1456
1408
1492
1510
1538
1406
1334
1286
1256
1262
1230
1200
1212
1226
1238
1236
1278
1240
1320
1290
1228
1204
1188
1216
1212
1198
1166
1064
1116
1164
1152
1140
1172
1268
1252
1258
1182
1174
1136
1168
1194
1150
1102
1072
1106
1084
1086
1014
1030
1090
1144
1182
1186
1090
1006
1020
992
932
1006
1104
1198
1204
1198
1180
1232
1200
1218
1226
1226
1254
1244
1224
1186
1200
1168
1188
1186
1192
1208
1188
1196
1182
1110
1062
1062
986
924
856
882
946
892
916
952
1092
1120
1112
1030
1066
1000
1032
1120
1142
1120
1070
1072
1104
1158
1204
1184
1186
1152
1152
1220
1192
1144
1056
1036
1034
992
992
982
976
1024
1036
1054
1142
1162
1150
1152
1076
1110
1164
1084
1000
1010
984
948
984
978
962
912
850
864
820
850
848
900
914
848
884
958
924
866
904
890
948
906
976
950
884
892
930
984
1026
1008
1014
1004
962
916
1028
1042
1036
974
1014
974
976
970
978
1014
998
992
1030
928
1034
1110
1220
1210
1168
1210
1202
1210
1168
1226
1206
1240
1272
1306
1326
1380
1400
1412
1400
1428
1494
1564
1552
1540
1614
1616
1674
1620
1548
1574
1558
1532
1574
1554
1514
1530
1508
1540
1516
1460
1450
1504
1478
1538
1564
1574
1508
1472
1460
1410
1438
1422
1446
1442
1384
1354
1380
1432
1448
1450
1442
1458
1458
1438
1456
1472
1500
1518
1542
1508
1472
1522
1534
1582
1594
1544
1520
1480
1476
1534
1532
1548
1582
1508
1558
1568
1574
1614
1532
1442
1454
1404
1444
1426
1462
1430
1490
1564
1570
1574
1686
1692
1696
1614
1600
1568
1466
1440
1504
1538
1552
1556
1554
1534
1516
1542
1398
1346
1394
1420
1454
1508
1540
1552
1580
1636
1636
1600
1606
1562
1508
1470
1546
1560
1540
1518
1502
1486
1506
1470
1488
1460
1430
1440
1484
1446
1452
1492
1500
1478
1446
1402
1470
1430
1486
1496
1506
1464
1484
1448
1430
1434
1538
1540
1546
1542
1534
1572
1544
1518
1500
1452
1462
1458
1492
1542
1538
1552
1546
1534
1542
1544
1506
1392
1400
1426
1346
1286
1250
1264
1310
1360
1360
1374
1398
1374
1320
1302
1282
1182
1150
1122
1170
1086
1050
1050
1100
1088
1082
1042
1172
1188
1156
1148
1164
1156
1156
1120
1184
1226
1216
1230
1200
1180
1182
1218
1222
1254
1332
1342
1408
1396
1416
1408
1334
1298
1226
1264
1362
1336
1224
1252
1310
1308
1326
1348
1354
1286
1302
1342
1308
1362
1354
1322
1326
1312
1362
1364
1368
1422
1422
1440
1538
1480
1470
1438
1432
1386
1320
1416
1362
1448
1514
1480
1484
1506
1526
1560
1548
1464
1544
1556
1576
1574
1632
1586
1548
1600
1610
1578
1560
1554
1540
1526
1512
1478
1430
1442
1374
1424
1466
1484
1480
1448
1456
1364
1328
1430
1444
1454
1504
1554
1468
1502
1426
1438
1396
1416
1436
1474
1430
1378
1364
1380
1430
1412
1412
1428
1386
1324
1302
1294
1252
1170
1190
1180
1180
1148
1114
1070
1182
1188
1250
1234
1222
1234
1238
1202
1250
1260
1286
1326
1384
1338
1392
1472
1462
1408
1454
1482
1412
1396
1444
1418
1364
1346
1336
1358
1314
1304
1310
1274
1282
1316
1328
1272
1264
1218
1204
1196
1214
1194
1202
1234
1298
1332
1354
1284
1266
1198
1260
1256
1308
1354
1376
1316
1336
1274
1198
1182
1186
1152
1004
940
1000
980
940
920
902
882
886
884
950
958
1006
950
970
1066
1136
1134
1166
1170
1210
1116
1084
1088
1084
1120
1102
1084
1058
1048
1032
1020
1012
1020
1054
1028
1116
1122
1108
1080
1026
982
970
970
1016
1002
958
1002
950
986
1026
956
868
804
852
864
922
918
932
956
996
974
1032
970
966
914
878
876
852
870
924
932
960
880
962
940
944
936
906
914
794
886
868
886
858
918
952
1024
928
916
916
950
976
1016
1010
976
980
982
1094
1086
1030
1052
1044
1050
1034
1044
1060
1014
976
972
1044
1018
1020
1094
1096
1038
1044
1070
1132
1142
1230
1246
1224
1294
1306
1256
1276
1276
1282
1308
1300
1274
1166
1188
1190
1212
1278
1314
1382
1326
1370
1390
1408
1412
1442
1434
1362
1304
1380
1388
1354
1320
1306
1324
1278
1302
1292
1356
1352
1338
1356
1398
1420
1404
1364
1406
1438
1466
1428
1450
1452
1414
1460
1548
1532
1534
1454
1468
1542
1570
1568
1620
1572
1594
1618
1582
1642
1668
1624
1590
1626
1636
1676
1678
1708
1654
1688
1628
1656
1636
1618
1604
1608
1742
1694
1642
1646
1606
1650
1654
1680
1648
1642
1674
1734
1714
1778
1756
1738
1780
1802
1828
1826
1880
1880
1894
1944
1918
1918
1880
1912
1860
1814
1838
1850
1808
1812
1742
1732
1798
1840
1772
1822
1770
1752
1752
1774
1760
1706
1716
1672
1598
1602
1642
1700
1722
1730
1748
1710
1724
1720
1660
1654
1684
1576
1518
1514
1506
1428
1410
1410
1502
1516
1506
1480
1552
1636
1710
1714
1748
1782
1762
1730
1796
1818
1766
1736
1714
1706
1662
1662
1586
1610
1632
1632
1700
1736
1742
1750
1712
1696
1672
1620
1674
1624
1614
1638
1680
1694
1742
1756
1710
1764
1778
1778
1800
1868
1888
1912
1864
1930
1918
1946
1858
1848
1812
1780
1734
1742
1732
1730
1764
1820
1814
1830
1854
1778
1766
1808
1750
1800
1786
1794
1730
1722
1758
1702
1724
1736
1766
1688
1716
1678
1704
1712
1682
1636
1610
1550
1498
1518
1500
1526
1486
1496
1518
1478
1514
1560
1574
1616
1660
1674
1764
1720
1620
1668
1688
1766
1834
1814
1786
1878
1948
1912
1922
1852
1810
1788
1784
1750
1718
1748
1754
1698
1654
1616
1692
1700
1748
1768
1760
1774
1812
1760
1746
1768
1798
1818
1878
1860
1900
1972
1984
1952
1954
1890
1886
1802
1856
1862
1896
1866
1900
1872
1834
1824
1844
1798
1830
1798
1748
1784
1802
1798
1860
1838
1802
1766
1758
1750
1794
1738
1740
1796
1798
1804
1736
1712
1768
1810
1758
1758
1738
1754
1728
1702
1704
1704
1726
1692
1742
1764
1746
1744
1706
1704
1692
1632
1588
1592
1612
1574
1544
1600
1608
1616
1638
1712
1620
1586
1610
1576
1584
1588
1588
1558
1638
1620
1662
1712
1666
1696
1700
1712
1684
1752
1726
1742
1726
1742
1732
1746
1772
1780
1756
1756
1736
1700
1692
1668
1592
1576
1632
1660
1684
1588
1600
1682
1750
1760
1728
1720
1720
1652
1604
1602
1580
1576
1462
1492
1534
1586
1638
1530
1552
1564
1570
1580
1570
1558
1600
1596
1612
1652
1650
1704
1694
1670
1622
1614
1636
1614
1664
1640
1656
1672
1698
1676
1584
1568
1530
1516
1552
1572
1564
1660
1736
1736
1724
1708
1672
1682
1700
1704
1688
1706
1712
1744
1760
1774
1758
1736
1710
1722
1688
1678
1624
1612
1648
1650
1696
1644
1616
1624
1644
1642
1702
1730
1750
1710
1740
1686
1706
1692
1804
1824
1846
1848
1862
1826
1856
1874
1866
1912
1934
1960
1932
1958
1950
1928
1944
1962
1988
2026
2040
2006
2000
2006
2010
1990
1986
1926
1948
1944
1916
1848
1888
1798
1860
1858
1854
1846
1872
1832
1768
1762
1784
1768
1712
1706
1636
1636
1664
1644
1678
1700
1696
1790
1786
1752
1672
1690
1642
1614
1670
1612
1604
1586
1584
1612
1664
1648
1618
1636
1594
1568
1596
1572
1638
1742
1736
1672
1704
1728
1656
1696
1642
1640
1704
1688
1726
1736
1736
1726
1744
1772
1766
1766
1774
1706
1772
1762
1742
1792
1774
1780
1718
1664
1660
1634
1618
1652
1646
1600
1608
1524
1478
1526
1562
1642
1706
1770
1814
1796
1850
1866
1774
1776
1826
1890
1900
1902
1984
1968
1950
1896
1820
1808
1804
1872
1940
1936
1922
1908
1910
1852
1826
1890
1888
1908
1976
2008
1982
2020
1934
1940
1924
1878
1910
1930
1960
1962
1906
1910
1884
1938
1880
1940
1934
1888
1862
1790
1816
1814
1888
1886
1898
1836
1828
1832
1914
1918
1856
1856
1834
1862
1880
1900
1908
1898
1898
1848
1844
1850
1826
1814
1844
1842
1786
1810
1840
1882
1994
1984
1922
1850
1798
1838
1838
1828
1814
1816
1830
1862
1876
1844
1818
1774
1764
1754
1702
1760
1738
1716
1850
1836
1790
1838
1886
1968
1942
1910
1958
1962
2026
2006
1982
1908
1876
1880
1914
1950
1996
2002
2034
2064
2070
1980
1970
2016
1980
1986
2008
1970
1934
1858
1882
1852
1854
1894
1830
1822
1788
1752
1864
1870
1836
1816
1744
1770
1770
1838
1800
1884
1864
1896
1876
1898
1880
1880
1878
1894
1874
1872
1874
1800
1842
1872
1894
1880
1876
1830
1844
1812
1814
1778
1834
1938
1936
1886
1934
1918
2012
1992
1990
1976
1950
1862
1904
1880
1866
1924
1926
1894
1826
1786
1756
1744
1746
1810
1804
1826
1750
1796
1826
1894
1854
1846
1868
1908
1846
1840
1830
1860
1942
1986
1976
1962
1960
1978
1940
1886
1882
1838
1872
1784
1872
1830
1814
1842
1896
1960
1964
1906
1862
1826
1846
1906
1876
1904
1934
1890
1834
1864
1900
1898
1908
1890
1788
1834
1870
1934
1894
1914
1938
1970
1964
1974
2000
2048
2030
2020
1986
2004
1992
2028
2014
2058
2110
2062
2032
2104
2128
2168
2138
2132
2102
2088
2116
2094
2090
2022
2002
1980
1960
1994
2000
1982
1998
1982
1958
2014
2030
2032
2044
2076
2046
2068
2050
2034
2026
2002
2092
2102
2072
2106
2074
2032
2042
2048
2022
2090
2058
2034
1984
1982
1946
1972
2038
1990
1978
1968
1944
1980
1992
1962
1962
1882
1932
1996
1966
1948
1942
1940
1978
1938
1942
1872
1894
1950
1980
1962
1978
1960
1892
1888
1986
1972
1988
1992
1902
1868
1874
1874
1862
1828
1802
1756
1760
1758
1736
1776
1764
1722
1756
1718
1686
1634
1634
1644
1628
1652
1656
1640
1654
1680
1684
1724
1716
1756
1814
1826
1828
1886
1854
1800
1762
1758
1730
1754
1796
1856
1844
1806
1772
1810
1822
1760
1756
1652
1632
1622
1672
1698
1672
1658
1672
1650
1622
1596
1552
1582
1556
1494
1506
1506
1532
1468
1420
1414
1416
1392
1430
1468
1540
1496
1536
1490
1508
1486
1484
1514
1522
1510
1496
1502
1564
1634
1608
1638
1604
1596
1562
1584
1626
1578
1544
1554
1574
1512
1486
1544
1596
1550
1530
1498
1538
1548
1556
1550
1628
1650
1668
1688
1668
1642
1720
1694
1714
1762
1770
1780
1804
1746
1766
1772
1730
1790
1778
1816
1818
1894
1842
1796
1804
1820
1882
1856
1832
1772
1826
1832
1814
1826
1834
1800
1828
1824
1806
1830
1808
1756
1766
1826
1814
1770
1788
1778
1776
1788
1754
1834
1838
1800
1828
1788
1820
1820
1778
1830
1806
1858
1916
1932
1928
1966
1918
1930
1898
1870
1876
1888
1890
1870
1876
1918
1950
1964
1936
2012
1954
1924
1904
1894
1836
1848
1888
1854
1868
1868
1810
1770
1652
1640
1634
1556
1582
1606
1608
1630
1706
1676
1762
1760
1778
1764
1784
1818
1804
1810
1752
1748
1702
1802
1778
1786
1804
1794
1766
1800
1768
1768
1782
1742
1708
1690
1682
1718
1782
1816
1752
1792
1734
1728
1676
1678
1626
1626
1612
1614
1618
1676
1652
1616
1524
1538
1504
1540
1536
1440
1474
1446
1496
1534
1544
1552
1578
1568
1624
1618
1598
1644
1626
1650
1650
1686
1658
1628
1672
1684
1692
1678
1692
1710
1750
1736
1690
1674
1668
1700
1716
1740
1716
1726
1790
1778
1814
1840
1870
1856
1874
1832
1804
1800
1774
1822
1832
1754
1670
1642
1658
1582
1502
1462
1476
1496
1476
1500
1482
1442
1488
1478
1504
1568
1616
1650
1582
1550
1594
1578
1562
1530
1502
1558
1538
1576
1582
1650
1660
1642
1606
1480
1470
1418
1456
1448
1440
1416
1396
1440
1450
1434
1372
1348
1348
1322
1256
1198
1140
1148
1242
1250
1202
1232
1286
1244
1248
1238
1248
1306
1404
1426
1496
1438
1412
1442
1414
1346
1328
1372
1374
1392
1442
1386
1356
1382
1414
1414
1502
1576
1592
1514
1598
1602
1568
1636
1600
1554
1578
1622
1580
1614
1638
1646
1568
1632
1572
1574
1672
1694
1768
1770
1700
1702
1654
1618
1628
1592
1580
1588
1576
1568
1600
1568
1576
1636
1706
1776
1810
1786
1872
1850
1876
1850
1886
1884
1868
1852
1864
1882
1892
1850
1836
1752
1746
1718
1690
1736
1804
1834
1776
1796
1758
1770
1830
1840
1840
1916
1876
1922
1906
1910
1924
1964
1928
1992
1966
1906
1936
1930
1934
1942
1920
1940
1868
1876
1914
1874
1916
1904
1918
1894
1868
1862
1792
1778
1822
1798
1832
1834
1864
1884
1866
1856
1842
1790
1774
1820
1826
1804
1804
1796
1798
1790
1862
1880
1880
1916
1934
1976
2008
2042
2044
2028
2050
2060
2120
2072
2054
2034
2052
2046
2070
2060
2114
2048
2026
2032
1984
2010
1974
1972
1960
1940
1912
1902
1952
1928
1830
1836
1872
1874
1954
1928
1940
1926
1974
2012
1952
1948
1948
1942
1950
1976
1970
1922
1950
1954
1962
1990
1978
1978
2012
2006
1908
1926
1932
1982
1960
1918
1890
1922
1918
1930
1918
1954
1958
1918
2018
1958
1940
1930
1888
1888
1908
1874
1882
1912
1942
1910
1866
1780
1810
1856
1852
1818
1798
1814
1862
1836
1858
1842
1836
1848
1786
1822
1858
1800
1752
1790
1796
1790
1762
1702
1736
1680
1682
1698
1694
1674
1696
1768
1782
1726
1674
1652
1658
1678
1700
1702
1614
1622
1672
1636
1714
1726
1742
1746
1778
1832
1812
1858
1796
1778
1756
1800
1818
1808
1848
1824
1774
1774
1756
1810
1824
1828
1812
1770
1756
1754
1758
1760
1780
1864
1898
1912
1898
1846
1820
1802
1836
1844
1854
1878
1882
1872
1868
1878
1908
1864
1836
1808
1740
1728
1734
1752
1792
1750
1788
1748
1670
1716
1804
1786
1768
1704
1716
1754
1706
1632
1650
1704
1690
1702
1644
1688
1600
1634
1636
1638
1664
1684
1736
1706
1658
1654
1562
1552
1526
1496
1514
1462
1466
1512
1538
1532
1580
1574
1572
1606
1588
1628
1670
1682
1600
1628
1586
1614
1674
1730
1656
1602
1602
1644
1662
1636
1594
1666
1714
1696
1720
1738
1710
1646
1598
1590
1576
1560
1534
1484
1530
1472
1520
1494
1452
1350
1244
1302
1294
1366
1446
1468
1534
1544
1584
1626
1636
1638
1688
1684
1712
1742
1752
1814
1726
1714
1690
1694
1656
1748
1654
1748
1728
1710
1662
1640
1658
1658
1614
1626
1646
1650
1674
1660
1634
1582
1618
1616
1640
1586
1672
1666
1646
1676
1572
1620
1560
1642
1676
1670
1734
1766
1762
1770
1718
1736
1790
1810
1876
1838
1846
1932
1914
1878
1908
1904
1842
1838
1808
1864
1864
1860
1942
1858
1814
1800
1820
1710
1704
1742
1708
1670
1644
1714
1662
1692
1622
1578
1588
1604
1686
1680
1758
1734
1790
1854
1888
1876
1866
1894
1900
1860
1842
1936
1924
1906
1834
1912
1942
1936
1972
1910
1892
1878
1870
1826
1796
1818
1758
1706
1712
1674
1656
1688
1700
1742
1722
1670
1696
1692
1718
1694
1714
1754
1792
1876
1892
1872
1840
1874
1820
1756
1690
1730
1746
1656
1768
1774
1756
1850
1842
1818
1842
1842
1846
1842
1894
1834
1852
1888
1948
1916
1986
2006
1996
2032
1986
1990
1960
1936
1886
1914
1880
1910
1964
1928
1952
1960
1966
1938
1932
1950
1884
1930
1922
1926
1914
1904
1900
1946
1992
1964
1924
1914
1878
1828
1870
1922
1962
1924
1936
1984
2000
1952
1964
1940
1974
1992
1980
1998
1960
1910
1924
1930
1878
1838
1894
1900
1874
1898
1934
1912
1922
1928
1886
1906
1860
1852
1906
1852
1760
1740
1754
1792
1764
1724
1720
1794
1862
1808
1836
1852
1798
1774
1794
1842
1856
1790
1840
1850
1864
1920
1920
1930
1916
1966
1940
1882
1858
1872
1828
1816
1790
1784
1814
1786
1786
1792
1762
1808
1864
1842
1842
1790
1884
1884
1882
1876
1898
1844
1846
1876
1868
1938
1932
1918
1894
1876
1918
1874
1884
1870
1836
1860
1796
1814
1826
1786
1772
1768
1712
1738
1806
1768
1656
1654
1632
1646
1626
1600
1598
1584
1554
1540
1602
1652
1628
1640
1594
1548
1490
1494
1510
1458
1540
1578
1560
1538
1582
1578
1598
1642
1642
1588
1620
1682
1730
1702
1676
1656
1648
1690
1698
1654
1660
1638
1730
1692
1680
1630
1640
1740
1740
1778
1802
1810
1770
1772
1700
1688
1626
1664
1730
1734
1714
1676
1648
1602
1568
1562
1532
1548
1536
1544
1536
1550
1598
1566
1522
1570
1520
1500
1530
1542
1528
1550
1582
1612
1498
1512
1530
1520
1464
1442
1424
1486
1426
1414
1466
1392
1458
1508
1494
1474
1546
1530
1516
1456
1366
1364
1430
1466
1424
1484
1472
1458
1508
1520
1448
1480
1510
1516
1456
1448
1472
1528
1562
1566
1584
1628
1648
1570
1550
1522
1474
1490
1440
1448
1396
1412
1384
1302
1326
1348
1284
1258
1268
1156
1188
1220
1284
1360
1276
1220
1174
1248
1284
1304
1354
1408
1428
1428
1422
1362
1408
1402
1376
1336
1398
1364
1356
1346
1380
1402
1386
1340
1350
1364
1334
1362
1404
1442
1432
1394
1354
1436
1460
1454
1458
1398
1360
1370
1350
1392
1380
1394
1368
1320
1418
1320
1282
1318
1386
1364
1354
1338
1326
1316
1350
1392
1324
1402
1350
1290
1408
1432
1450
1424
1410
1424
1386
1388
1440
1426
1416
1494
1510
1490
1496
1468
1510
1454
1496
1448
1480
1474
1496
1564
1636
1596
1650
1658
1648
1624
1544
1658
1692
1688
1688
1676
1668
1668
1678
1654
1722
1730
1760
1710
1664
1668
1752
1694
1716
1638
1634
1594
1622
1612
1630
1594
1544
1552
1584
1666
1642
1704
1658
1670
1638
1718
1714
1760
1760
1714
1696
1664
1622
1618
1534
1484
1522
1512
1484
1458
1400
1364
1402
1434
1438
1424
1374
1424
1468
1506
1508
1444
1462
1434
1424
1324
1332
1362
1328
1362
1416
1358
1396
1364
1394
1388
1422
1488
1444
1424
1360
1384
1376
1390
1490
1466
1572
1552
1572
1590
1564
1600
1620
1560
1586
1514
1522
1546
1504
1594
1582
1572
1686
1712
1636
1614
1574
1596
1622
1650
1594
1582
1670
1648
1596
1538
1494
1410
1412
1358
1348
1300
1246
1166
1166
1202
1216
1164
1176
1182
1154
1094
1094
1078
1056
950
946
940
1088
1104
1120
1106
1140
1190
1122
1114
1128
1100
1174
1198
1112
1134
1076
1052
1086
1114
1084
1050
1068
1036
1016
976
960
980
902
960
974
966
1032
1018
1012
1116
1032
1066
1100
1106
1128
1176
1218
1214
1200
1246
1346
1352
1322
1340
1368
1386
1360
1348
1320
1270
1298
1246
1262
1256
1260
1320
1300
1236
1282
1250
1210
1314
1258
1266
1254
1230
1152
1150
1106
1076
1068
1050
1032
1126
1130
1060
1078
1142
1158
1190
1162
1168
1226
1242
1126
1206
1196
1230
1258
1290
1266
1318
1410
1472
1454
1418
1392
1322
1368
1340
1342
1322
1270
1238
1180
1216
1222
1214
1194
1156
1200
1280
1296
1386
1326
1372
1322
1368
1460
1434
1440
1464
1474
1396
1366
1384
1336
1320
1278
1342
1310
1302
1318
1374
1442
1366
1424
1382
1392
1390
1302
1302
1380
1366
1390
1372
1364
1390
1390
1344
1398
1418
1462
1412
1340
1294
1254
1252
1256
1172
1078
1080
1072
1078
1090
1154
1184
1170
1152
1128
1248
1250
1302
1242
1224
1158
1196
1270
1288
1340
1362
1282
1288
1378
1398
1488
1452
1502
1538
1456
1426
1422
1426
1458
1444
1432
1454
1460
1430
1340
1270
1342
1442
1466
1458
1460
1466
1460
1512
1502
1548
1546
1526
1472
1468
1434
1460
1432
1420
1416
1400
1344
1366
1292
1322
1408
1348
1318
1292
1316
1270
1344
1378
1364
1348
1328
1314
1324
1342
1300
1262
1246
1256
1200
1296
1276
1304
1332
1362
1378
1362
1378
1386
1402
1430
1366
1388
1384
1318
1338
1372
1378
1402
1422
1396
1322
1292
1276
1404
1444
1480
1412
1378
1402
1416
1416
1452
1394
1412
1444
1510
1574
1538
1620
1580
1524
1492
1566
1610
1550
1578
1582
1586
1564
1654
1666
1660
1726
1742
1732
1736
1830
1860
1860
1880
1884
1892
1948
1952
1902
1902
1910
1902
1894
1942
1956
1992
1954
1962
1912
1928
2012
2008
2026
2034
1988
1948
1934
1916
1918
1976
1886
1960
1952
1970
1930
1886
1870
1860
1952
1922
1916
1930
1944
2022
2010
2022
2066
2008
2050
1986
2014
1998
1986
1928
1960
1928
1896
1886
1916
1892
1916
1944
1932
1930
1970
1912
1880
1864
1922
1850
1856
1846
1846
1822
1882
1896
1886
1832
1820
1832
1900
1918
1932
1972
1980
1978
2016
2030
2062
2050
2040
2010
2028
2038
2010
1974
1934
1886
1914
1952
1912
1974
2020
2008
2016
1994
1996
1944
1944
1954
1954
1920
1978
1944
1898
1838
1828
1808
1770
1804
1770
1726
1718
1722
1766
1736
1784
1908
1900
1866
1816
1846
1896
1884
1808
1876
1836
1824
1866
1842
1852
1996
1998
1958
1840
1856
1918
1922
1854
1814
1800
1842
1852
1872
1874
1914
1906
1888
1918
1926
1992
1960
1906
1834
1850
1864
1886
1932
1964
1916
1930
1922
1916
1910
1872
1904
1930
1976
2012
2090
2070
2068
2086
2114
2076
2028
2034
2058
2006
2022
1992
2012
2010
2084
2026
1996
2042
2018
2024
2004
2004
2030
2002
2062
2078
2076
1968
1920
1968
2010
1998
2004
1970
1964
1996
2020
2078
2116
2022
2002
2026
2028
2020
2054
2060
1990
1992
2014
2026
2014
1974
1956
1940
1906
1862
1832
1878
1870
1866
1800
1780
1802
1802
1846
1832
1878
1894
1922
1896
1924
1916
1894
1906
1944
1914
1892
1942
1994
1976
1954
2004
2000
1972
1974
1954
1862
1886
1882
1884
1898
1952
1970
1972
2008
1960
2012
1990
1928
1910
1832
1806
1820
1858
1854
1872
1870
1920
1978
1906
1872
1890
1882
1862
1918
1908
1908
1894
1892
1900
1930
1888
1946
2032
2030
2024
2010
1974
1966
1912
1852
1894
1894
1890
1912
1874
1916
1930
1972
1914
1932
1876
1936
1898
1904
1904
1858
1818
1822
1866
1840
1888
1894
1858
1874
1894
1878
1900
1904
1966
1892
1898
1870
1820
1798
1804
1758
1760
1714
1710
1684
1680
1630
1628
1738
1752
1730
1684
1718
1726
1694
1652
1618
1614
1618
1612
1660
1640
1688
1752
1726
1676
1714
1684
1588
1582
1586
1610
1590
1628
1666
1660
1670
1634
1648
1616
1686
1684
1700
1720
1754
1804
1850
1834
1848
1888
1880
1886
1918
1902
1858
1814
1846
1862
1810
1768
1818
1828
1800
1846
1824
1824
1802
1834
1876
1904
1886
1882
1888
1824
1836
1776
1806
1794
1848
1826
1740
1772
1794
1814
1764
1828
1816
1854
1858
1874
1946
1856
1820
1864
1844
1838
1812
1834
1906
1862
1894
1814
1848
1844
1854
1876
1916
1918
1888
1852
1864
1886
1834
1890
1850
1860
1908
1906
1904
1924
1920
1916
1950
2002
1992
1952
1920
1948
1902
1896
1920
1906
1914
1988
1952
1924
1990
1956
1906
1882
1882
1908
1870
1858
1822
1858
1890
1860
1842
1790
1760
1766
1776
1726
1730
1804
1898
1878
1836
1858
1834
1784
1762
1842
1826
1842
1868
1896
1884
1888
1890
1848
1822
1844
1860
1856
1860
1874
1892
1942
1962
1988
2010
2072
2004
1926
1902
1910
1942
1950
2026
1984
1904
1892
1826
1754
1828
1842
1822
1806
1836
1866
1820
1804
1742
1720
1820
1794
1802
1776
1772
1740
1804
1752
1820
1854
1802
1822
1802
1790
1840
1824
1790
1724
1722
1716
1704
1690
1612
1550
1590
1540
1582
1562
1580
1608
1580
1604
1646
1638
1668
1650
1660
1694
1756
1710
1696
1684
1708
1806
1782
1750
1730
1708
1734
1752
1796
1854
1852
1884
1892
1778
1812
1716
1754
1746
1748
1754
1708
1748
1760
1662
1700
1724
1740
1678
1718
1792
1748
1732
1776
1794
1872
1908
1930
1922
1900
1888
1846
1878
1912
1956
1948
1914
1836
1850
1846
1842
1800
1758
1702
1774
1784
1822
1748
1790
1752
1708
1680
1708
1702
1694
1650
1696
1674
1632
1618
1618
1668
1642
1614
1588
1514
1564
1570
1650
1662
1714
1650
1612
1612
1640
1680
1746
1716
1718
1688
1694
1722
1824
1836
1790
1786
1786
1746
1782
1754
1794
1828
1858
1904
1940
1884
1862
1846
1892
1900
1878
1814
1816
1780
1760
1740
1694
1734
1688
1702
1676
1650
1706
1654
1734
1726
1752
1788
1812
1802
1806
1822
1830
1800
1760
1820
1752
1754
1738
1822
1838
1854
1888
1878
1846
1766
1714
1694
1744
1658
1698
1692
1720
1706
1744
1766
1716
1786
1828
1776
1740
1822
1840
1834
1872
1840
1876
1842
1812
1746
1754
1712
1744
1798
1788
1794
1784
1856
1820
1782
1778
1770
1768
1778
1732
1746
1698
1636
1588
1644
1626
1612
1636
1626
1602
1652
1632
1584
1564
1576
1602
1654
1722
1716
1702
1670
1636
1574
1528
1590
1512
1558
1588
1608
1530
1550
1504
1492
1548
1548
1528
1558
1638
1638
1658
1724
1750
1744
1672
1704
1738
1714
1630
1670
1624
1602
1550
1562
1614
1614
1668
1646
1690
1648
1676
1694
1714
1682
1664
1658
1648
1648
1606
1590
1596
1624
1704
1698
1692
1694
1680
1704
1706
1690
1690
1726
1696
1720
1704
1714
1658
1678
1718
1752
1822
1780
1726
1762
1708
1712
1722
1692
1702
1622
1676
1710
1726
1742
1792
1778
1770
1848
1864
1860
1828
1808
1794
1794
1776
1804
1814
1788
1802
1794
1840
1756
1774
1806
1814
1806
1886
1876
1842
1908
1934
1914
1890
1876
1838
1912
1904
1828
1828
1832
1800
1830
1750
1722
1796
1774
1772
1734
1706
1760
1734
1798
1788
1762
1730
1768
1782
1752
1824
1854
1790
1688
1734
1732
1670
1698
1652
1660
1594
1518
1562
1578
1578
1566
1652
1702
1612
1640
1702
1758
1760
1784
1768
1702
1706
1800
1760
1780
1764
1788
1762
1760
1756
1754
1706
1734
1792
1736
1696
1634
1662
1684
1766
1796
1694
1664
1666
1718
1694
1700
1650
1736
1628
1684
1732
1754
1740
1660
1650
1640
1652
1670
1682
1592
1536
1556
1638
1668
1660
1590
1592
1626
1512
1560
1616
1604
1566
1548
1568
1638
1668
1744
1770
1794
1796
1784
1754
1802
1772
1744
1798
1732
1724
1736
1762
1762
1794
1748
1756
1782
1828
1856
1832
1780
1776
1774
1742
1738
1742
1818
1784
1780
1806
1870
1878
1858
1864
1830
1820
1802
1752
1748
1752
1786
1804
1800
1846
1790
1732
1776
1800
1822
1704
1682
1694
1744
1762
1742
1720
1718
1746
1776
1738
1732
1666
1634
1680
1716
1688
1660
1650
1686
1640
1664
1744
1674
1732
1786
1810
1772
1868
1884
1876
1912
1924
1894
1898
1932
1932
1904
1912
1928
1854
1806
1858
1908
1914
1918
1904
1908
1882
1928
2010
1968
1942
1888
1894
1908
1870
1792
1790
1876
1892
1896
1860
1840
1788
1712
1774
1808
1710
1718
1738
1736
1740
1672
1632
1636
1656
1652
1612
1654
1706
1698
1714
1754
1776
1788
1776
1740
1668
1640
1672
1692
1682
1702
1796
1758
1770
1746
1740
1746
1780
1824
1768
1748
1704
1690
1636
1666
1666
1640
1700
1672
1646
1634
1686
1572
1576
1632
1662
1652
1700
1688
1660
1672
1806
1810
1776
1718
1736
1828
1852
1864
1914
1920
1860
1902
1948
1896
1820
1832
1864
1884
1882
1834
1882
1946
1956
1962
2002
2000
2058
1988
1982
1984
2014
1992
2026
1948
1956
1978
2010
2022
1966
1916
1914
1872
1904
1864
1862
1876
1870
1854
1842
1786
1798
1768
1828
1850
1794
1802
1760
1734
1810
1872
1792
1742
1780
1808
1792
1806
1822
1862
1866
1856
1870
1836
1786
1866
1812
1878
1890
1870
1868
1880
1834
1800
1848
1862
1830
1898
1864
1842
1770
1708
1720
1662
1660
1738
1730
1716
1692
1754
1738
1776
1732
1762
1722
1836
1784
1762
1810
1818
1862
1862
1792
1788
1780
1804
1716
1688
1658
1602
1550
1596
1640
1700
1784
1792
1770
1722
1808
1782
1788
1830
1832
1752
1774
1740
1692
1686
1712
1640
1682
1586
1618
1592
1564
1610
1662
1664
1742
1706
1682
1710
1650
1628
1636
1638
1590
1532
1592
1584
1588
1544
1536
1518
1536
1518
1530
1456
1532
1538
1566
1612
1640
1734
1778
1792
1780
1812
1784
1768
1746
1680
1728
1726
1674
1648
1594
1614
1632
1596
1630
1660
1644
1670
1644
1658
1632
1598
1648
1652
1664
1606
1546
1594
1548
1488
1418
1408
1476
1442
1318
1306
1334
1314
1434
1444
1448
1456
1536
1524
1474
1556
1562
1550
1522
1594
1616
1572
1586
1644
1658
1644
1642
1654
1636
1628
1698
1726
1708
1700
1692
1732
1650
1634
1700
1696
1708
1704
1686
1670
1706
1604
1630
1672
1660
1650
1630
1622
1556
1624
1672
1698
1658
1704
1792
1808
1860
1856
1884
1898
1976
1990
1984
1966
1966
1944
1968
1994
1986
2016
2090
2108
2132
2176
2158
2132
2178
2140
2112
2092
2014
2012
2084
2032
2008
2002
1970
1922
1938
1934
1956
1952
1976
1924
1918
1936
1912
1902
1924
1954
1952
2014
2018
2064
1980
2044
2052
2054
1968
2032
2068
1984
2020
1998
1944
1956
1982
1980
1922
1972
1968
2020
2054
2072
2024
2040
2068
2046
2066
2096
2110
2098
2070
2054
2088
2092
2058
2050
1988
2028
1990
1974
1930
1962
2018
2084
2076
2086
2078
2090
2170
2112
2056
2076
2092
2066
2118
2042
1982
1992
1982
1978
1978
1990
2034
1966
2014
2038
2036
2000
1976
1944
1954
1932
1948
1956
1956
1966
1962
1942
1910
1870
1894
1904
1918
1950
1894
1874
1846
1846
1820
1784
1864
1830
1734
1686
1756
1752
1724
1752
1710
1714
1694
1644
1714
1708
1768
1858
1858
1870
1804
1870
1880
1912
1918
1924
1910
1934
1930
1938
1940
1970
1928
1926
1866
1864
1932
1998
1948
1980
2008
2002
2010
2036
2002
2064
1978
1986
1980
1930
1926
1904
1900
1862
1892
1876
1926
1950
1940
1946
1950
1922
1892
1918
1888
1908
1876
1868
1888
1924
1918
1940
2002
1970
2012
2036
2056
2020
1998
2014
2066
2056
2048
2008
1944
1944
1936
1934
1942
2002
1996
1942
1880
1846
1828
1826
1876
1982
2034
2024
1978
1946
1948
1942
1890
1872
1902
1832
1852
1850
1866
1876
1916
1912
1938
1962
1932
1824
1706
1714
1604
1614
1604
1502
1610
1650
1648
1742
1760
1736
1754
1716
1720
1802
1776
1862
1842
1742
1730
1738
1756
1774
1760
1722
1686
1700
1668
1752
1692
1734
1660
1692
1692
1730
1740
1774
1778
1732
1758
1704
1676
1760
1714
1724
1688
1620
1628
1598
1602
1630
1656
1642
1632
1570
1584
1594
1554
1572
1496
1522
1462
1418
1302
1270
1342
1362
1386
1418
1414
1496
1512
1450
1498
1594
1584
1630
1630
1654
1608
1668
1646
1680
1698
1730
1804
1792
1804
1790
1758
1658
1646
1606
1676
1722
1726
1682
1678
1656
1702
1700
1636
1638
1642
1498
1476
1422
1520
1478
1506
1498
1522
1468
1538
1484
1508
1428
1484
1482
1454
1416
1422
1332
1370
1360
1356
1358
1446
1440
1402
1286
1344
1374
1428
1382
1360
1286
1278
1252
1210
1190
1164
1118
1058
1056
1078
1026
1082
1112
1070
944
922
880
896
930
986
966
1062
1098
1190
1158
1132
1136
1044
1058
1058
1094
1098
1030
1030
1078
1180
1150
1166
1070
1068
1094
1062
1026
996
946
932
986
952
946
964
956
968
982
1050
1028
1058
1012
1028
1074
1030
1018
1020
1062
1092
1066
1148
1164
1182
1114
1124
1156
1158
1112
1150
1194
1240
1166
1164
1184
1148
1210
1188
1122
1092
1172
1048
1130
1112
1112
1122
1068
1074
1060
1146
1202
1228
1238
1242
1274
1240
1252
1290
1362
1354
1410
1396
1350
1392
1396
1322
1280
1248
1252
1352
1404
1466
1518
1530
1514
1406
1444
1500
1496
1480
1544
1576
1520
1512
1518
1538
1520
1562
1592
1582
1554
1560
1502
1556
1508
1494
1446
1484
1398
1350
1360
1354
1342
1360
1342
1368
1346
1300
1270
1298
1352
1414
1362
1306
1340
1324
1326
1290
1328
1296
1264
1308
1430
1420
1426
1488
1526
1522
1532
1580
1522
1494
1472
1476
1446
1526
1512
1494
1516
1460
1412
1406
1392
1400
1394
1332
1298
1294
1312
1402
1388
1408
1326
1314
1310
1336
1348
1370
1330
1326
1328
1236
1190
1284
1346
1386
1348
1356
1358
1398
1406
1398
1436
1440
1454
1434
1372
1346
1306
1344
1326
1348
1324
1298
1216
1232
1276
1296
1316
1306
1336
1388
1332
1336
1358
1352
1386
1408
1400
1468
1488
1432
1418
1430
1444
1408
1408
1364
1386
1356
1354
1276
1294
1270
1290
1336
1320
1318
1254
1254
1308
1274
1296
1262
1224
1284
1220
1292
1290
1322
1350
1348
1300
1290
1310
1308
1246
1222
1250
1236
1170
1148
1224
1226
1276
1246
1348
1416
1384
1358
1380
1392
1422
1456
1444
1394
1402
1486
1476
1422
1426
1472
1538
1454
1446
1352
1384
1422
1496
1526
1488
1502
1516
1506
1496
1476
1458
1540
1552
1530
1650
1686
1634
1642
1720
1712
1698
1734
1690
1710
1728
1668
1732
1736
1762
1790
1804
1804
1760
1684
1650
1592
1668
1608
1610
1578
1608
1642
1706
1696
1660
1644
1664
1688
1658
1664
1634
1656
1666
1656
1658
1662
1664
1612
1632
1602
1584
1616
1598
1646
1618
1634
1650
1662
1696
1658
1674
1630
1698
1696
1670
1622
1684
1664
1666
1636
1586
1580
1622
1602
1588
1602
1600
1582
1622
1644
1704
1622
1704
1658
1612
1644
1620
1584
1638
1562
1590
1566
1588
1528
1530
1526
1506
1414
1426
1398
1374
1348
1382
1334
1326
1270
1330
1378
1330
1420
1416
1382
1358
1362
1350
1312
1344
1334
1340
1288
1300
1274
1286
1330
1308
1314
1272
1236
1272
1326
1340
1322
1288
1358
1314
1338
1302
1330
1242
1284
1292
1322
1370
1370
1340
1342
1376
1378
1352
1398
1468
1434
1412
1472
1374
1358
1392
1360
1372
1436
1416
1358
1392
1404
1402
1406
1422
1484
1476
1462
1420
1400
1402
1430
1448
1432
1446
1412
1430
1442
1446
1414
1348
1432
1374
1396
1416
1408
1460
1434
1432
1390
1364
1418
1470
1498
1484
1476
1480
1480
1466
1454
1448
1432
1436
1432
1440
1458
1482
1450
1464
1448
1440
1488
1570
1512
1454
1466
1442
1474
1462
1432
1478
1554
1558
1604
1590
1592
1746
1712
1708
1722
1620
1600
1524
1534
1516
1488
1556
1532
1470
1514
1536
1570
1556
1514
1556
1566
1500
1488
1494
1484
1516
1498
1522
1508
1500
1506
1500
1534
1564
1546
1520
1576
1584
1536
1592
1654
1638
1602
1652
1596
1580
1566
1568
1478
1530
1490
1496
1454
1492
1544
1512
1504
1488
1482
1480
1488
1470
1432
1442
1442
1462
1492
1520
1506
1552
1482
1480
1486
1460
1466
1536
1502
1480
1398
1412
1378
1304
1278
1308
1302
1260
1258
1280
1324
1334
1318
1392
1390
1394
1406
1428
1366
1420
1438
1440
1452
1434
1476
1498
1464
1428
1476
1478
1480
1478
1494
1510
1450
1452
1438
1490
1472
1416
1390
1432
1438
1440
1498
1584
1524
1578
1598
1536
1550
1530
1572
1598
1654
1720
1718
1714
1646
1572
1582
1600
1578
1598
1544
1460
1422
1502
1506
1488
1450
1438
1348
1396
1398
1316
1298
1256
1358
1350
1310
1344
1324
1318
1310
1372
1338
1368
1354
1408
1406
1390
1382
1304
1358
1296
1234
1250
1298
1346
1376
1436
1458
1468
1432
1344
1370
1440
1434
1426
1392
1262
1282
1266
1238
1216
1190
1192
1264
1230
1206
1132
1044
1094
1104
1128
1140
1220
1234
1164
1226
1194
1122
1154
1198
1190
1152
1192
1256
1258
1210
1292
1284
1282
1304
1362
1336
1272
1256
1194
1194
1238
1264
1194
1218
1172
1166
1126
1220
1192
1126
1174
1244
1276
1294
1238
1196
1304
1244
1192
1170
1160
1096
1148
1088
1098
1154
1136
1104
1102
1080
1076
1102
1106
1056
1100
1008
1108
1164
1196
1262
1344
1360
1410
1402
1430
1406
1418
1436
1454
1476
1468
1420
1456
1426
1454
1482
1526
1518
1430
1492
1480
1526
1534
1528
1526
1522
1492
1512
1464
1492
1472
1440
1408
1426
1408
1412
1406
1408
1398
1364
1416
1466
1490
1514
1510
1434
1364
1358
1376
1358
1414
1382
1382
1380
1426
1406
1402
1382
1336
1368
1370
1388
1420
1476
1470
1506
1490
1502
1480
1504
1504
1440
1412
1432
1430
1454
1422
1426
1380
1374
1374
1318
1342
1264
1330
1442
1464
1422
1376
1418
1426
1466
1482
1508
1440
1412
1370
1436
1452
1478
1474
1524
1536
1546
1566
1566
1636
1642
1676
1770
1792
1706
1716
1666
1694
1720
1614
1530
1574
1576
1630
1598
1602
1610
1630
1682
1734
1688
1652
1596
1630
1694
1660
1630
1650
1650
1620
1612
1724
1730
1768
1750
1736
1744
1722
1682
1682
1672
1648
1656
1670
1596
1672
1634
1694
1782
1744
1762
1718
1708
1736
1710
1730
1690
1664
1704
1724
1708
1736
1704
1670
1666
1656
1710
1736
1678
1694
1686
1726
1750
1734
1712
1750
1766
1762
1790
1802
1808
1804
1776
1826
1784
1852
1806
1806
1836
1826
1870
1982
1958
1952
1914
1866
1808
1804
1794
1848
1782
1842
1906
1874
1840
1760
1794
1846
1814
1844
1830
1800
1858
1874
1930
1882
1894
1890
1894
1894
1930
1994
1960
1926
1924
1932
1868
1860
1880
1884
1894
1918
1882
1862
1840
1874
1848
1774
1726
1710
1700
1754
1792
1744
1698
1744
1696
1692
1702
1660
1692
1732
1708
1764
1694
1670
1688
1732
1724
1830
1858
1850
1806
1844
1812
1808
1734
1710
1768
1760
1678
1698
1720
1700
1732
1768
1832
1850
1838
1804
1750
1740
1734
1798
1764
1780
1664
1660
1572
1572
1638
1682
1788
1836
1850
1730
1684
1660
1602
1570
1546
1546
1538
1506
1504
1510
1474
1482
1444
1548
1594
1582
1590
1600
1516
1500
1546
1568
1580
1556
1522
1464
1480
1524
1512
1508
1526
1550
1516
1582
1574
1526
1488
1556
1536
1456
1498
1532
1524
1584
1482
1498
1544
1574
1642
1624
1638
1612
1602
1672
1676
1746
1716
1714
1812
1732
1728
1718
1714
1784
1764
1798
1828
1794
1720
1672
1610
1648
1714
1668
1704
1712
1708
1630
1714
1690
1704
1686
1716
1716
1712
1718
1678
1652
1660
1664
1748
1712
1722
1718
1742
1668
1702
1718
1724
1700
1734
1772
1668
1658
1670
1656
1656
1640
1606
1622
1710
1698
1720
1716
1742
1750
1742
1682
1694
1658
1670
1608
1596
1558
1518
1516
1564
1578
1616
1622
1578
1614
1628
1658
1638
1650
1714
1648
1680
1604
1584
1614
1568
1586
1648
1648
1652
1700
1692
1718
1770
1792
1736
1726
1778
1770
1734
1700
1738
1688
1670
1662
1612
1556
1614
1622
1672
1646
1568
1556
1588
1532
1546
1550
1550
1516
1608
1578
1650
1644
1662
1684
1630
1588
1570
1590
1570
1546
1570
1588
1546
1534
1478
1500
1454
1408
1442
1462
1468
1438
1498
1432
1454
1472
1496
1450
1494
1450
1524
1478
1504
1468
1500
1496
1490
1508
1554
1608
1664
1652
1740
1760
1812
1830
1784
1796
1834
1814
1800
1798
1816
1884
1914
1920
1966
1972
1916
1874
1900
1894
1866
1850
1824
1904
1922
1866
1870
1900
1906
1966
1962
1968
1980
1966
1968
1972
2038
2048
2038
2094
2060
2032
2002
1988
1980
1980
2038
2030
2038
1986
1978
1954
1970
1924
1870
1850
1832
1862
1836
1794
1744
1736
1776
1860
1820
1794
1900
1926
1868
1866
1896
1880
1904
1892
1944
1950
1924
1904
1904
1970
1956
2006
2044
2032
2070
1996
2044
2070
2066
2056
2056
2064
2070
2044
2060
2094
2124
2076
2078
2110
2104
2108
2082
2108
2074
2126
2060
2084
2062
2054
2062
2042
1988
2008
1974
2006
1984
1996
1942
1942
1918
1908
1842
1862
1900
1848
1850
1808
1732
1760
1760
1764
1696
1706
1740
1724
1738
1726
1732
1682
1698
1698
1698
1642
1620
1678
1742
1764
1762
1748
1740
1768
1772
1850
1798
1788
1802
1796
1800
1784
1724
1746
1722
1734
1762
1708
1652
1716
1680
1684
1696
1726
1730
1696
1632
1612
1560
1558
1554
1568
1546
1552
1582
1596
1536
1474
1512
1516
1470
1478
1514
1492
1454
1424
1480
1446
1516
1556
1536
1552
1460
1460
1510
1592
1560
1512
1440
1502
1462
