-10
40
70
2
-22
-4
38
128
148
148
136
54
120
156
56
86
86
98
124
132
56
66
98
162
196
174
216
220
198
146
152
154
126
208
156
86
128
110
108
66
56
44
12
-22
38
48
46
150
304
254
332
280
202
236
240
222
340
358
348
340
442
460
458
414
498
552
522
600
590
478
476
570
536
496
578
656
644
570
608
666
572
484
496
476
420
402
388
278
220
166
98
102
68
70
68
152
38
94
60
120
62
222
166
94
118
48
124
46
110
80
140
234
212
250
304
398
326
302
294
286
294
280
266
250
288
320
310
358
390
392
314
300
290
304
344
396
334
294
350
348
326
298
330
470
426
404
322
326
412
432
354
418
382
394
370
380
364
314
334
334
316
354
254
318
358
298
376
410
404
322
338
296
362
338
372
342
348
366
370
390
418
452
504
462
568
546
480
504
476
478
506
510
488
488
422
356
328
324
362
408
404
394
364
382
382
358
188
162
46
-52
-16
-22
54
14
82
140
76
118
82
66
92
84
82
50
-44
-198
-182
-138
-72
-50
8
-26
-158
-202
-182
-206
-306
-342
-382
-442
-412
-344
-470
-498
-544
-516
-604
-568
-590
-570
-590
-630
-620
-702
-698
-722
-724
-684
-780
-762
-764
-768
-850
-790
-798
-810
-750
-812
-940
-910
-912
-946
-974
-1078
-1160
-1168
-1156
-1226
-1194
-1186
-1190
-1170
-1124
-1088
-1098
-1068
-1018
-1072
-1034
-1038
-916
-954
-968
-942
-898
-958
-820
-870
-898
-916
-896
-936
-898
-768
-916
-870
-822
-758
-780
-770
-732
-620
-710
-658
-614
-630
-736
-646
-602
-564
-582
-670
-584
-566
-678
-682
-662
-726
-746
-802
-792
-804
-792
-754
-820
-856
-828
-790
-734
-754
-854
-858
-888
-942
-926
-908
-946
-948
-976
-976
-992
-1050
-1026
-1076
-1018
-1046
-1130
-1222
-1160
-1174
-1184
-1194
-1178
-1206
-1142
-972
-944
-882
-920
-830
-712
-630
-522
-576
-672
-760
-748
-816
-806
-736
-700
-674
-696
-688
-632
-716
-662
-630
-666
-580
-522
-498
-486
-550
-534
-532
-542
-474
-472
-500
-486
-396
-402
-370
-336
-438
-520
-566
-656
-562
-482
-408
-410
-362
-280
-322
-298
-278
-202
-176
-192
-196
-306
-290
-340
-284
-336
-356
-362
-370
-394
-374
-326
-376
-292
-276
-226
-234
-222
-290
-346
-512
-458
-532
-470
-426
-476
-408
-338
-278
-238
-170
-220
-238
-234
-212
-272
-178
-246
-190
-156
-106
-114
-70
-22
-36
-66
48
-50
24
74
48
190
272
258
304
272
104
62
-8
-94
-132
-134
-178
-170
-74
-124
-184
-106
-114
-176
-182
-196
-248
-300
-282
-288
-240
-204
-236
-234
-242
-314
-304
-312
-356
-360
-380
-368
-294
-240
-276
-320
-324
-312
-314
-226
-174
-216
-188
-250
-148
-178
-126
-114
-162
-222
-212
-198
-150
-170
-224
-216
-288
-206
-220
-218
-282
-190
-264
-234
-172
-238
-238
-334
-244
-244
-382
-298
-326
-406
-336
-258
-210
-174
-158
-80
-98
-128
-158
-200
-280
-230
-184
-176
-140
-186
-218
-186
-264
-256
-276
-290
-300
-290
-302
-392
-408
-398
-400
-416
-454
-496
-534
-542
-546
-524
-524
-438
-432
-492
-466
-514
-468
-482
-450
-492
-416
-402
-452
-348
-292
-276
-286
-238
-222
-224
-206
-292
-332
-284
-320
-346
-300
-394
-402
-462
-496
-582
-564
-504
-584
-482
-440
-452
-528
-484
-482
-412
-326
-386
-356
-316
-326
-314
-336
-402
-466
-454
-426
-418
-368
-356
-330
-300
-286
-316
-308
-286
-262
-274
-312
-346
-344
-340
-336
-286
-326
-284
-292
-212
-194
-158
-146
-104
-154
-190
-174
-178
-194
-236
-212
-208
-152
-278
-270
-286
-200
-216
-174
-192
-186
-164
-136
-196
-160
-252
-346
-368
-432
-560
-578
-592
-552
-580
-586
-534
-538
-520
-516
-634
-670
-644
-594
-496
-424
-474
-526
-478
-506
-420
-452
-434
-406
-376
-378
-386
-368
-362
-282
-288
-306
-324
-312
-192
-188
-224
-260
-274
-248
-244
-248
-258
-266
-252
-306
-366
-362
-380
-458
-410
-444
-458
-390
-446
-590
-568
-558
-558
-578
-530
-660
-654
-576
-550
-498
-520
-516
-506
-598
-568
-572
-512
-456
-366
-292
-254
-254
-246
-238
-262
-318
-348
-324
-302
-244
-350
-412
-408
-424
-362
-356
-368
-354
-374
-292
-236
-202
-146
-142
-98
0
-32
-134
-180
-202
-240
-352
-394
-320
-476
-530
-426
-484
-420
-454
-528
-566
-540
-484
-502
-544
-526
-534
-520
-436
-428
-352
-372
-422
-350
-362
-462
-460
-428
-474
-522
-598
-708
-672
-638
-720
-748
-700
-748
-668
-622
-572
-534
-454
-538
-422
-392
-510
-586
-578
-646
-646
-666
-656
-716
-656
-646
-686
-680
-772
-830
-816
-896
-928
-892
-926
-952
-876
-944
-944
-922
-966
-986
-938
-874
-712
-680
-828
-902
-842
-840
-766
-750
-702
-670
-686
-672
-718
-664
-578
-568
-618
-716
-804
-846
-878
-858
-838
-884
-862
-892
-866
-866
-878
-852
-736
-684
-672
-672
-662
-662
-666
-592
-552
-522
-580
-436
-380
-334
-414
-452
-476
-424
-338
-380
-378
-330
-366
-324
-376
-358
-314
-186
-186
-286
-328
-408
-428
-368
-324
-258
-252
-268
-260
-210
-252
-274
-226
-212
-196
-212
-300
-308
-284
-250
-334
-278
-234
-192
-236
-16
92
28
24
54
-86
-54
-78
-106
-58
-142
0
-18
-82
-144
-238
-210
-166
-76
-66
-48
-86
-162
-176
-200
-82
-40
-70
-80
-178
-190
-144
-178
-138
-156
-250
-138
-156
-58
-20
12
-16
58
164
44
4
20
-8
64
120
130
214
162
212
144
196
144
-4
-12
-22
-76
-136
-126
-144
-158
-146
-138
-160
-116
-268
-236
-210
-228
-202
-232
-246
-264
-310
-274
-250
-212
-282
-276
-272
-184
-112
-132
-86
-84
-84
-132
-186
-136
-32
-146
-154
-204
-216
-270
-296
-288
-268
-284
-220
-200
-170
-148
-172
-240
-278
-284
-310
-258
-170
-186
-284
-242
-218
-118
-144
-244
-192
-228
-314
-262
-206
-216
-274
-240
-290
-222
-240
-346
-404
-430
-376
-396
-534
-546
-528
-564
-606
-626
-610
-582
-566
-500
-620
-666
-592
-582
-640
-632
-706
-800
-796
-884
-902
-886
-750
-824
-876
-896
-854
-874
-806
-794
-770
-776
-758
-798
-788
-678
-790
-774
-778
-712
-628
-510
-460
-488
-504
-512
-634
-590
-566
-572
-626
-692
-626
-714
-706
-704
-702
-802
-902
-878
-848
-808
-888
-880
-800
-802
-792
-900
-954
-856
-902
-836
-800
-792
-732
-722
-700
-674
-754
-654
-614
-566
-634
-698
-662
-672
-664
-652
-716
-820
-818
-832
-768
-770
-790
-710
-800
-822
-756
-680
-638
-608
-636
-600
-632
-698
-656
-664
-672
-700
-638
-672
-646
-676
-678
-690
-654
-716
-758
-634
-610
-550
-552
-482
-412
-504
-408
-468
-518
-514
-570
-550
-516
-606
-578
-580
-562
-576
-556
-552
-556
-492
-402
-454
-486
-480
-536
-546
-678
-808
-764
-746
-808
-714
-752
-740
-710
-700
-688
-666
-566
-528
-580
-482
-512
-644
-600
-588
-658
-616
-578
-628
-552
-620
-642
-662
-626
-558
-580
-508
-524
-556
-564
-542
-498
-450
-486
-472
-494
-480
-442
-450
-498
-534
-522
-446
-406
-420
-534
-532
-494
-516
-506
-544
-466
-524
-570
-620
-580
-596
-530
-424
-428
-360
-390
-392
-358
-382
-406
-366
-422
-328
-356
-420
-374
-360
-374
-362
-304
-398
-270
-232
-240
-226
-176
-146
-276
-244
-112
-58
60
40
50
2
6
18
74
26
22
26
40
14
18
32
32
-54
-162
-220
-196
-164
-180
-148
-212
-162
-148
-152
-246
-278
-354
-334
-352
-410
-292
-132
-34
30
-20
14
-24
0
28
60
38
-86
12
-120
-90
-148
-140
-44
-102
-116
-150
-142
-102
-46
26
68
-16
-18
-84
-104
-148
-214
-216
-114
-118
-192
-172
-214
-242
-294
-324
-262
-236
-158
-156
-206
-250
-222
-312
-334
-334
-304
-278
-408
-538
-502
-580
-566
-600
-708
-780
-706
-714
-728
-706
-778
-752
-652
-678
-776
-764
-820
-920
-936
-932
-948
-976
-904
-920
-870
-836
-880
-878
-854
-818
-852
-860
-944
-866
-926
-1076
-1060
-1084
-1060
-1086
-1062
-1028
-986
-892
-1020
-1122
-1114
-1152
-1098
-1160
-1188
-1154
-1110
-1080
-1046
-1066
-992
-1076
-1028
-1030
-1018
-1030
-1062
-1022
-1130
-1220
-1170
-1148
-1160
-1152
-1218
-1104
-1150
-1224
-1260
-1196
-1278
-1198
-1184
-1212
-1170
-1162
-1086
-1098
-1198
-1180
-1188
-1132
-1086
-1140
-1204
-1314
-1422
-1336
-1336
-1278
-1314
-1388
-1466
-1476
-1448
-1414
-1382
-1382
-1374
-1270
-1332
-1328
-1354
-1310
-1330
-1350
-1334
-1330
-1334
-1330
-1382
-1500
-1554
-1568
-1640
-1672
-1604
-1640
-1646
-1602
-1596
-1566
-1414
-1368
-1368
-1420
-1526
-1512
-1410
-1416
-1438
-1422
-1396
-1396
-1458
-1478
-1524
-1486
-1464
-1396
-1390
-1362
-1360
-1326
-1314
-1296
-1304
-1324
-1284
-1328
-1306
-1258
-1290
-1348
-1350
-1442
-1442
-1420
-1402
-1322
-1264
-1328
-1348
-1256
-1194
-1162
-1100
-1170
-1194
-1206
-1134
-1138
-1190
-1048
-1088
-1114
-1118
-1148
-1034
-980
-968
-980
-1094
-1036
-1072
-998
-970
-996
-1042
-1024
-1038
-1008
-984
-962
-946
-842
-854
-824
-752
-772
-712
-672
-648
-600
-566
-498
-614
-514
-584
-654
-666
-656
-666
-624
-550
-540
-508
-638
-614
-652
-712
-714
-666
-582
-660
-626
-638
-656
-642
-656
-546
-496
-488
-422
-418
-390
-450
-320
-236
-258
-298
-222
-144
-152
-120
-178
-160
-180
-160
-210
-214
-272
-274
-344
-338
-254
-230
-198
-176
-206
-64
-120
-170
-160
-160
-286
-268
-312
-274
-270
-270
-332
-342
-290
-290
-226
-242
-292
-226
-172
-226
-180
-248
-176
-60
-32
-66
10
78
30
0
-42
-110
-66
-112
-42
-2
-110
-138
-132
-30
86
124
138
130
86
-8
64
92
124
98
176
170
172
178
152
158
144
116
220
202
178
176
106
102
96
20
102
92
-26
0
120
106
128
216
286
256
234
224
294
258
160
122
66
102
86
-8
32
54
68
24
80
124
76
130
126
116
84
-50
-56
-68
-92
-96
-90
-112
-156
-230
-138
-228
-278
-264
-294
-276
-298
-434
-440
-382
-314
-284
-202
-184
-144
-130
-114
-190
-230
-202
-126
-158
-34
-68
-32
-10
-52
-20
-76
-138
-110
-134
-94
-64
-86
-44
-12
86
74
40
14
32
-2
-24
50
-20
-54
28
0
-4
-116
-80
-86
-84
26
-40
26
-24
-122
-118
-28
-60
-96
-46
-22
26
10
64
-18
-82
-50
-56
-2
38
78
48
-6
-26
-24
-30
46
90
52
106
46
78
26
40
52
16
122
76
34
106
68
92
162
138
152
190
192
262
366
340
304
326
258
258
256
358
358
382
314
282
304
248
280
316
380
268
182
150
252
170
184
184
240
156
194
160
70
14
70
142
100
156
112
120
134
272
272
198
206
162
122
118
70
54
52
78
92
4
12
-42
-90
-46
-64
-76
-44
-12
-14
6
48
40
82
128
124
130
146
102
170
186
146
96
90
104
178
202
294
198
196
190
172
144
146
218
288
294
280
332
218
276
188
136
222
184
166
204
206
268
276
308
262
194
228
186
192
226
192
94
122
76
112
10
-6
-94
-100
-150
-184
-168
-174
-146
-156
-118
-206
-242
-238
-284
-300
-180
-144
-180
-188
-190
-194
-154
-122
-134
-86
-60
-18
-44
-74
-26
-94
-200
-178
-202
-236
-228
-122
-128
-150
-188
-206
-304
-362
-388
-422
-430
-416
-354
-304
-322
-320
-278
-304
-354
-350
-356
-354
-374
-400
-450
-446
-422
-394
-322
-236
-216
-224
-116
-166
-268
-280
-242
-210
-230
-266
-304
-318
-274
-316
-400
-442
-444
-400
-384
-430
-446
-300
-310
-288
-296
-326
-352
-354
-376
-324
-278
-280
-250
-306
-220
-192
-248
-172
-230
-206
-192
-228
-262
-254
-326
-266
-284
-278
-254
-292
-252
-220
-218
-222
-112
-100
-46
-64
-64
-88
-16
-100
-232
-252
-262
-234
-194
-114
-110
-36
-28
-50
-106
-60
-90
-132
-108
-36
-42
-38
-52
-74
-106
-118
-100
-74
-152
-220
-280
-250
-324
-360
-296
-282
-230
-216
-148
-134
-202
-184
-92
-102
-38
-12
-36
52
106
140
96
66
28
70
-12
0
42
138
194
216
148
306
336
282
262
202
192
174
146
114
68
110
114
188
166
156
120
2
-20
-68
-64
-80
-100
-126
-210
-276
-222
-198
-204
-192
-252
-200
-132
-152
-86
-214
-198
-240
-176
-106
-120
-192
-216
-220
-314
-336
-280
-234
-296
-314
-370
-304
-230
-256
-300
-326
-340
-326
-292
-248
-202
-278
-282
-294
-218
-222
-312
-308
-350
-362
-402
-454
-426
-444
-426
-460
-418
-474
-394
-464
-464
-460
-476
-424
-428
-434
-392
-410
-442
-416
-506
-472
-504
-558
-510
-586
-570
-540
-486
-490
-522
-494
-542
-604
-556
-528
-600
-636
-650
-576
-670
-670
-656
-616
-666
-690
-630
-606
-686
-546
-428
-416
-332
-258
-362
-304
-340
-416
-426
-532
-554
-550
-580
-564
-550
-526
-544
-570
-568
-524
-618
-548
-568
-566
-568
-614
-618
-646
-586
-568
-600
-552
-582
-570
-504
-590
-596
-576
-520
-504
-490
-556
-490
-520
-644
-586
-530
-586
-520
-558
-546
-580
-670
-734
-754
-792
-830
-766
-768
-774
-718
-798
-800
-792
-866
-820
-856
-838
-930
-1020
-1056
-1050
-1076
-1002
-1036
-1044
-1082
-972
-1028
-1112
-1036
-1060
-1038
-1048
-1020
-1072
-1138
-1138
-1098
-1046
-992
-966
-914
-1028
-1028
-970
-992
-1002
-986
-920
-920
-920
-948
-934
-904
-916
-966
-962
-986
-1034
-1050
-1066
-1040
-996
-1102
-1102
-1070
-1118
-1012
-992
-1030
-1068
-990
-994
-1004
-960
-1068
-964
-906
-942
-946
-880
-956
-980
-950
-972
-1018
-990
-1042
-1052
-1052
-1064
-1098
-1154
-1140
-1144
-1148
-1176
-1140
-1112
-1090
-1078
-1050
-1112
-1190
-1232
-1152
-1202
-1146
-1168
-1222
-1168
-1202
-1186
-1190
-1240
-1148
-1162
-1118
-1206
-1186
-1170
-1144
-1166
-1170
-1212
-1206
-1124
-1214
-1160
-994
-918
-868
-798
-804
-896
-832
-838
-904
-974
-950
-952
-956
-1040
-964
-1032
-1024
-986
-1020
-1118
-1056
-1118
-1134
-1138
-1240
-1184
-1182
-1196
-1204
-1226
-1186
-1164
-1050
-1024
-998
-1028
-1054
-1060
-1052
-1050
-1044
-1100
-1112
-1128
-1142
-1120
-1082
-1056
-1010
-1022
-1012
-996
-988
-992
-968
-840
-820
-840
-818
-888
-878
-896
-834
-754
-758
-706
-772
-794
-798
-734
-754
-754
-766
-768
-816
-832
-850
-894
-874
-818
-818
-846
-860
-830
-828
-882
-800
-822
-886
-948
-972
-1040
-950
-932
-850
-798
-882
-878
-914
-988
-982
-1060
-1078
-1040
-1064
-1014
-1024
-1062
-1084
-1036
-964
-966
-1036
-980
-1016
-978
-928
-986
-970
-982
-1012
-1004
-1032
-974
-1020
-1040
-1052
-972
-990
-988
-1056
-1054
-920
-902
-900
-896
-866
-888
-858
-912
-922
-894
-938
-1016
-966
-1062
-1104
-1246
-1220
-1224
-1190
-1068
-1106
-1058
-980
-1016
-974
-956
-862
-886
-912
-830
-874
-930
-970
-910
-936
-908
-860
-858
-926
-904
-900
-986
-992
-970
-1066
-1108
-1064
-1142
-1104
-1006
-1034
-1008
-1036
-1028
-1008
-966
-860
-818
-732
-732
-704
-696
-670
-736
-778
-746
-732
-662
-604
-600
-550
-628
-600
-600
-606
-634
-582
-512
-532
-564
-472
-486
-540
-602
-624
-614
-588
-562
-626
-650
-636
-630
-540
-552
-576
-504
-506
-526
-530
-420
-434
-334
-376
-444
-390
-408
-488
-486
-540
-578
-658
-738
-844
-922
-916
-816
-634
-582
-534
-458
-418
-364
-352
-346
-374
-418
-400
-414
-444
-454
-468
-422
-430
-450
-560
-518
-602
-534
-470
-532
-582
-588
-538
-462
-558
-574
-466
-432
-498
-434
-438
-462
-452
-494
-478
-438
-454
-282
-254
-252
-276
-260
-188
-220
-146
-42
-92
-36
-122
-156
-122
-108
-118
-130
-84
-70
-38
-116
-94
-88
-80
-106
-74
-40
-70
-30
50
68
44
78
50
46
106
138
110
66
-32
-16
-32
-12
96
126
116
50
66
70
112
118
108
152
210
222
96
146
26
-76
-18
-62
-144
-254
-198
-264
-334
-342
-462
-424
-404
-546
-452
-434
-346
-350
-364
-270
-256
-280
-344
-370
-404
-442
-372
-310
-300
-320
-262
-224
-204
-218
-214
-174
-182
-184
-250
-336
-248
-226
-242
-268
-278
-316
-280
-316
-274
-274
-338
-334
-350
-402
-430
-564
-582
-478
-498
-516
-610
-448
-474
-568
-570
-490
-416
-354
-290
-244
-172
-50
-132
-164
-140
-96
-6
-92
-64
-28
8
22
110
98
66
30
6
-16
4
-6
-50
4
0
-100
-54
-58
-122
-110
-126
-146
-96
-200
-160
-32
-70
-28
-6
-48
-66
-128
-242
-220
-132
-186
-166
-174
-140
-116
-84
-60
-50
0
70
86
124
244
292
318
308
272
146
176
128
204
248
268
350
296
310
290
232
244
170
70
132
66
90
10
-110
-136
-134
-220
-150
-226
-290
-258
-264
-230
-304
-312
-276
-244
-146
-250
-356
-348
-428
-412
-426
-486
-558
-598
-678
-630
-518
-572
-588
-538
-546
-458
-486
-520
-442
-546
-510
-508
-562
-606
-552
-460
-476
-462
-434
-440
-460
-458
-510
-580
-594
-454
-440
-424
-412
-344
-332
-366
-298
-348
-364
-448
-508
-418
-380
-410
-468
-482
-476
-474
-342
-304
-336
-404
-518
-460
-460
-440
-454
-392
-382
-340
-324
-240
-264
-302
-182
-198
-182
-148
-258
-204
-294
-238
-288
-210
-264
-274
-248
-224
-256
-154
-132
-132
-36
-4
-18
-124
-120
-102
-136
-164
-134
-108
-142
-218
-312
-270
-256
-206
-228
-240
-250
-180
-222
-282
-254
-246
-228
-280
-204
-184
-110
-8
32
-34
-54
-46
38
2
-36
8
6
-2
-28
16
-52
-22
50
50
82
86
100
102
130
126
120
154
164
164
152
136
114
6
12
62
118
100
150
128
66
62
92
96
176
170
200
200
280
310
344
364
372
336
240
220
204
306
380
346
370
418
404
410
276
196
196
280
220
198
204
108
104
44
112
194
224
216
318
358
392
356
376
444
430
390
424
328
360
370
290
248
264
284
264
220
108
76
2
6
-4
30
66
80
164
76
52
30
-20
-34
14
-68
-14
46
28
12
16
-8
-90
-150
-162
-244
-234
-252
-306
-268
-304
-322
-268
-238
-262
-304
-304
-230
-214
-248
-190
-174
-244
-288
-300
-374
-324
-322
-346
-258
-268
-214
-140
-138
-106
-104
-20
-32
14
68
164
134
166
216
252
172
122
208
182
228
200
150
110
158
128
124
62
74
122
102
122
156
100
92
66
4
-88
-74
90
84
4
52
24
-32
-48
-32
-44
68
92
54
-12
-34
-24
-56
-28
64
10
-104
-80
-14
40
102
76
32
74
-50
-48
-114
-58
-170
-232
-188
-156
-170
-260
-184
-194
-232
-232
-152
-228
-254
-278
-368
-408
-420
-354
-264
-260
-252
-286
-248
-276
-294
-246
-266
-272
-324
-426
-492
-460
-486
-460
-446
-474
-504
-468
-398
-324
-276
-240
-246
-214
-214
-248
-218
-188
-222
-194
-314
-302
-318
-408
-460
-376
-396
-410
-426
-480
-504
-512
-540
-524
-568
-498
-486
-476
-462
-440
-354
-340
-238
-246
-200
-182
-70
-34
-74
-34
-52
-26
-92
-10
0
26
10
-12
-52
2
2
40
82
78
102
70
100
116
92
28
112
22
28
94
40
148
244
170
110
72
96
32
0
-34
6
-124
-140
-78
-62
-64
-54
-86
-38
-98
-94
-68
-96
-48
-10
104
8
-16
-86
-144
-142
-276
-302
-344
-364
-356
-324
-188
-200
-228
-322
-408
-454
-448
-420
-402
-420
-340
-264
-258
-342
-348
-424
-438
-434
-370
-352
-282
-364
-344
-394
-512
-454
-492
-448
-390
-392
-386
-354
-458
-412
-392
-424
-492
-536
-524
-478
-492
-422
-458
-500
-548
-570
-668
-620
-670
-702
-700
-710
-730
-740
-722
-730
-842
-800
-874
-904
-814
-820
-778
-816
-852
-826
-814
-774
-826
-800
-780
-794
-836
-890
-842
-852
-804
-884
-880
-882
-770
-822
-900
-826
-800
-744
-748
-698
-660
-634
-668
-630
-708
-660
-652
-772
-714
-704
-678
-618
-636
-524
-482
-504
-502
-590
-632
-652
-542
-608
-588
-556
-500
-504
-504
-498
-518
-552
-586
-528
-512
-554
-504
-510
-458
-568
-610
-574
-596
-658
-644
-628
-602
-612
-600
-480
-542
-532
-538
-520
-474
-446
-362
-332
-324
-360
-478
-528
-586
-588
-478
-458
-528
-556
-580
-630
-602
-528
-558
-620
-594
-638
-648
-634
-542
-580
-538
-470
-494
-490
-520
-432
-514
-478
-416
-414
-392
-442
-400
-292
-296
-208
-318
-340
-270
-248
-250
-228
-288
-296
-356
-388
-444
-394
-356
-340
-266
-284
-206
-252
-148
-226
-276
-194
-172
-158
-184
-218
-320
-378
-384
-404
-508
-448
-416
-424
-476
-534
-612
-608
-680
-674
-676
-648
-580
-586
-672
-680
-704
-686
-626
-648
-644
-706
-698
-678
-632
-674
-602
-658
-656
-662
-608
-554
-672
-714
-644
-644
-674
-660
-634
-556
-592
-492
-506
-570
-580
-486
-522
-558
-538
-574
-538
-534
-586
-614
-654
-622
-556
-512
-498
-438
-520
-434
-394
-424
-458
-462
-400
-516
-516
-546
-490
-420
-538
-414
-366
-466
-466
-448
-454
-414
-372
-386
-396
-366
-396
-412
-364
-278
-286
-322
-286
-306
-298
-286
-208
-220
-368
-286
-310
-218
-192
-178
-274
-290
-288
-246
-230
-134
-140
-140
-182
-240
-290
-360
-418
-400
-450
-476
-538
-486
-538
-528
-584
-526
-528
-486
-506
-544
-582
-632
-588
-602
-624
-668
-768
-626
-598
-572
-678
-734
-676
-676
-680
-676
-650
-630
-644
-594
-542
-468
-456
-466
-412
-354
-270
-168
-230
-142
-184
-176
-158
-178
-190
-176
-204
-212
-324
-284
-294
-284
-208
-184
-32
64
80
152
74
66
108
116
162
154
170
108
96
110
90
136
148
126
168
210
234
266
186
166
16
4
40
40
-14
-52
-120
-116
-140
-192
-158
-202
-156
-254
-236
-254
-294
-304
-314
-244
-276
-308
-314
-224
-250
-196
-236
-258
-230
-294
-414
-476
-460
-504
-542
-576
-582
-576
-584
-554
-594
-622
-632
-496
-510
-572
-552
-460
-442
-464
-358
-292
-314
-302
-226
-222
-258
-252
-190
-264
-302
-272
-296
-296
-226
-190
-132
-192
-210
-264
-186
-122
-118
-112
-218
-208
-172
-290
-228
-244
-172
-78
-86
-60
-146
-122
-92
-194
-108
-120
-60
-46
-50
-110
-98
-70
-102
-48
74
68
6
48
114
64
14
90
90
60
-76
-190
-176
-228
-214
-196
-142
-66
-32
-120
-124
-206
-232
-226
-166
-60
-30
-120
-124
-90
-54
-18
-14
-16
42
46
52
4
-56
-78
-132
-130
-186
-186
-204
-226
-160
-176
-214
-160
-198
-168
-224
-92
-56
64
128
148
56
10
32
174
164
204
312
432
464
494
466
392
428
478
542
498
484
446
470
466
412
480
448
422
366
380
438
440
560
604
558
610
608
590
422
454
484
362
410
390
420
402
328
270
370
362
232
128
86
62
48
22
156
144
130
170
172
192
138
114
102
16
14
-38
-128
-184
-112
-134
-104
-64
-62
-120
-142
-132
-94
-44
-58
-28
-60
-118
-152
-196
-204
-180
-292
-328
-268
-270
-284
-248
-254
-310
-294
-250
-252
-170
-196
-222
-112
-60
-8
2
90
118
108
128
64
182
298
278
306
296
262
242
214
268
254
180
174
174
216
262
314
362
400
420
396
392
342
262
240
284
166
204
228
304
180
138
220
336
304
346
410
324
274
264
336
342
296
408
424
340
302
218
218
128
128
156
166
174
140
64
82
142
146
110
128
110
118
124
132
164
114
110
150
42
100
72
60
118
150
184
154
146
210
100
166
232
216
252
270
288
336
334
348
376
440
454
476
448
310
352
290
356
324
286
252
184
152
166
182
238
124
200
200
124
156
156
88
70
128
40
-70
-84
-52
-124
-100
-116
-142
-152
-112
-136
-152
-148
-118
-84
-100
-164
-136
-168
-164
-98
-110
-126
-88
-30
-86
-130
-186
-242
-266
-182
-114
-58
-70
-16
114
6
10
-8
44
84
-6
-36
10
-34
-38
54
96
112
182
288
280
244
176
200
244
228
218
114
120
72
164
64
10
126
98
96
80
138
126
52
74
-70
-78
-138
-106
-84
-150
-256
-222
-178
-74
-80
-6
-94
-70
-130
-94
-126
-136
-134
-128
-152
-72
2
-50
-82
-54
-58
16
0
32
-68
0
12
24
-20
-118
-94
-80
-90
-44
16
-22
-56
-74
-94
-44
-76
2
-14
-126
-100
-18
84
178
158
128
-16
-70
-108
-60
-136
-132
-116
-68
10
124
34
72
84
126
192
108
128
-32
-78
-34
-38
-94
-144
-136
-138
-108
-138
-134
-178
-154
-194
-178
-48
4
-62
-90
-170
-198
-172
-198
-130
-150
-124
-38
-118
-44
10
-10
-4
82
94
144
146
14
-16
-84
-84
-112
-96
-110
-186
-216
-274
-180
-130
-132
-84
-56
-56
-38
18
-104
-96
48
104
80
22
-24
-72
-124
-260
-232
-182
-94
-84
-84
-80
52
-34
-102
-96
10
-42
-80
-46
-46
50
60
70
186
94
112
130
78
96
86
160
162
212
220
304
390
444
356
402
366
372
356
408
340
312
320
298
328
288
206
230
198
222
132
92
88
78
10
-68
-26
-30
-102
-154
-190
-172
-178
-198
-280
-280
-246
-240
-248
-194
-234
-164
-156
-148
-162
-138
-166
-26
-28
10
24
-10
-44
-54
22
36
84
14
42
50
50
82
144
110
146
116
138
50
84
88
76
32
110
108
70
156
92
208
228
260
146
112
120
182
248
304
338
358
312
350
452
510
420
438
470
502
486
602
654
652
662
694
694
738
712
610
726
718
756
722
648
588
614
564
592
594
576
546
592
642
638
544
608
548
494
442
390
354
372
392
408
526
554
496
412
462
402
462
462
498
482
478
522
588
510
532
568
566
570
514
410
386
302
240
258
276
346
190
316
296
324
310
276
276
276
358
208
184
218
262
270
324
328
382
350
360
354
310
296
230
242
220
296
330
336
276
346
282
304
248
202
204
318
432
446
442
494
448
370
316
406
436
472
578
600
526
488
468
478
462
374
374
428
332
250
266
256
272
154
200
154
180
182
160
216
190
194
158
260
286
202
136
82
122
84
106
52
70
134
138
156
194
248
224
200
288
326
422
408
310
246
170
180
196
78
106
132
112
72
50
184
242
296
326
210
260
224
324
388
416
514
498
430
412
406
432
448
480
452
510
442
536
580
598
558
530
540
516
472
442
448
516
490
542
600
586
586
680
672
702
658
642
646
590
520
558
484
418
412
496
440
490
446
412
290
392
402
386
372
382
324
342
338
350
330
282
306
344
318
316
344
440
486
394
412
450
378
384
384
398
458
422
502
488
444
462
402
414
458
398
420
384
424
388
338
360
302
336
300
400
428
418
388
450
404
302
288
254
204
136
132
132
68
76
24
96
112
78
178
100
54
34
78
30
-12
14
-22
-62
-108
-94
-184
-244
-216
-246
-176
-188
-164
-182
-218
-172
-114
-124
-88
-44
-18
-30
-68
-62
-44
-58
-48
-50
-12
64
40
-44
-138
-144
-102
-146
-128
-118
-140
-126
-210
-282
-250
-266
-340
-364
-372
-360
-292
-300
-284
-364
-384
-316
-312
-338
-396
-348
-356
-340
-312
-268
-236
-260
-252
-230
-272
-238
-208
-248
-232
-268
-282
-398
-440
-480
-386
-378
-370
-452
-492
-576
-602
-578
-556
-524
-552
-542
-498
-466
-464
-394
-454
-486
-478
-420
-432
-504
-440
-410
-400
-276
-342
-360
-376
-286
-266
-218
-318
-324
-246
-214
-224
-264
-296
-332
-294
-262
-224
-238
-192
-198
-170
-240
-188
-200
-154
-68
-80
-96
-88
-38
-114
-32
82
152
210
166
172
294
252
288
292
238
182
204
288
312
254
252
224
304
318
286
362
314
394
390
418
454
522
508
496
556
554
436
356
340
310
378
428
434
372
404
374
420
432
506
546
540
530
554
500
484
514
512
516
430
338
348
290
272
332
300
392
334
412
388
384
386
386
514
482
452
478
480
464
444
498
586
548
586
620
568
592
536
560
550
580
606
560
616
600
620
568
632
720
786
794
764
784
814
848
898
946
930
932
982
958
910
956
864
890
812
846
804
932
888
996
930
934
914
854
864
844
910
886
872
916
916
1040
1014
1044
1064
1092
1154
1188
1198
1184
1144
1266
1300
1280
1308
1236
1224
1122
1154
1120
1056
1014
1018
930
846
822
888
1000
1066
938
888
818
906
806
842
882
900
906
998
1034
1004
990
902
862
858
824
738
666
760
724
658
608
648
718
714
754
704
600
692
692
674
726
810
896
918
948
958
974
1012
1002
962
1000
1010
1014
968
946
1040
1008
988
984
930
854
800
728
636
620
654
580
476
410
466
480
520
524
366
398
390
330
362
252
268
352
296
310
292
292
316
372
366
286
294
320
308
346
370
256
174
150
80
94
158
90
48
-30
12
84
152
120
168
192
140
138
130
200
298
336
292
304
270
296
224
176
218
212
244
246
272
262
184
234
124
150
152
242
258
250
220
236
140
268
308
278
246
306
324
312
280
318
320
328
314
434
442
416
368
374
430
450
392
438
400
356
412
356
336
282
308
314
256
234
214
152
192
178
88
166
222
166
194
200
228
122
280
360
372
376
414
464
404
444
446
548
544
556
640
582
536
576
548
486
506
550
566
466
498
460
506
488
442
494
566
446
476
568
552
538
492
498
438
444
436
422
430
336
376
280
280
322
314
230
248
266
318
262
260
278
360
398
340
378
452
450
514
488
526
502
462
402
480
504
490
422
396
346
336
324
346
342
382
340
358
254
206
132
76
226
234
314
344
370
376
328
348
278
296
270
268
162
124
90
126
130
100
194
248
228
416
434
414
502
478
518
412
470
492
416
480
518
496
508
550
538
592
476
534
518
490
488
536
574
476
480
542
554
576
560
492
562
522
540
534
558
536
570
518
484
488
606
564
564
480
370
422
366
358
364
348
274
296
252
280
300
388
390
422
400
410
432
510
528
576
532
556
492
416
312
332
256
200
166
206
222
138
84
144
166
236
182
144
192
156
118
154
260
266
256
262
310
324
380
312
306
374
362
382
418
354
352
338
304
380
358
238
208
200
264
218
236
358
380
256
268
306
316
332
356
350
454
548
566
562
632
576
622
722
758
748
806
788
852
788
762
750
770
764
836
880
908
976
920
956
966
996
1014
1050
1146
1088
974
968
1030
1126
1076
998
958
984
1016
1012
912
898
846
784
792
844
874
850
838
840
806
734
698
736
772
746
782
792
770
778
712
762
688
608
636
540
522
502
450
514
516
552
580
662
692
706
756
744
776
806
882
928
996
1012
876
920
900
894
824
814
778
812
780
804
766
762
776
822
866
884
876
892
946
940
952
1026
1004
978
996
1020
1048
1120
1070
1126
1190
1110
1120
1122
1052
984
1028
1028
980
912
824
784
756
742
702
654
690
644
620
676
722
660
714
574
540
514
608
606
708
690
740
740
874
934
972
954
964
1000
1020
992
982
1068
1156
1204
1244
1204
1136
1058
914
968
1002
1032
970
1042
1028
1060
1032
1040
1076
1108
1046
1112
1134
1184
1188
1084
1030
1158
1100
1044
1082
1034
1022
1022
988
906
886
942
952
854
784
808
846
812
800
778
854
800
856
788
756
722
748
696
742
726
722
744
680
650
598
578
578
604
604
520
626
610
726
736
702
732
724
814
834
824
700
728
742
792
880
766
676
684
630
666
602
542
554
424
392
378
328
380
260
334
272
250
264
264
238
180
172
164
168
216
180
180
196
256
328
268
244
194
148
214
240
312
328
216
242
118
78
12
106
144
158
122
74
58
24
158
170
148
150
258
244
136
114
-62
-60
-40
-74
-28
-66
-70
-184
-194
-132
-124
-188
-110
-126
-140
-216
-206
-190
-126
-80
-56
-190
-258
-292
-248
-90
-74
-42
-30
-56
-188
-148
-202
-290
-344
-324
-336
-320
-344
-392
-354
-336
-196
-188
-194
-94
-118
-80
-146
-154
-164
-192
-172
-146
-80
-98
-160
-40
-32
-82
-60
-92
-68
-4
-48
-2
72
12
-8
-58
-76
-98
-194
-188
-154
-224
-208
-200
-196
-258
-340
-262
-244
-242
-238
-232
-210
-264
-308
-274
-300
-302
-388
-386
-352
-396
-474
-422
-390
-412
-416
-418
-398
-352
-306
-316
-328
-262
-218
-280
-254
-260
-238
-168
-224
-262
-240
-286
-240
-202
-280
-252
-190
-162
-170
-266
-268
-252
-242
-260
-220
-194
-212
-300
-342
-244
-294
-322
-316
-322
-342
-286
-312
-338
-232
-172
-196
-208
-262
-212
-206
-270
-302
-302
-318
-272
-276
-320
-380
-416
-360
-344
-424
-382
-446
-356
-362
-376
-314
-272
-266
-244
-286
-220
-168
-186
-286
-320
-236
-242
-316
-300
-268
-348
-380
-392
-362
-398
-490
-506
-504
-492
-500
-440
-458
-370
-444
-422
-404
-366
-398
-284
-370
-382
-372
-410
-424
-532
-476
-374
-380
-302
-258
-276
-334
-348
-212
-238
-292
-232
-244
-180
-118
-186
-180
-116
-54
18
34
26
62
252
304
214
164
158
152
156
192
238
170
188
218
152
244
238
200
122
126
64
82
20
-26
-100
-20
-16
56
40
12
8
-24
12
154
188
256
180
192
162
176
202
182
154
254
290
240
286
300
370
466
416
380
398
432
374
400
540
554
590
650
712
682
644
614
500
544
504
484
478
576
632
620
562
580
604
598
654
544
620
636
582
576
488
500
452
468
428
452
480
442
412
342
352
424
436
434
502
566
578
598
526
416
440
448
372
332
304
342
334
398
370
368
348
396
326
278
218
170
178
134
176
198
184
204
196
176
236
234
190
160
88
100
40
102
120
82
46
76
112
24
26
118
46
128
124
152
138
86
86
60
-4
12
22
54
86
106
212
190
194
244
392
352
310
294
286
312
404
428
452
388
376
354
308
328
282
250
214
246
230
250
322
402
306
394
458
338
328
366
356
388
300
270
358
242
168
166
38
84
-104
-92
-8
60
56
60
84
140
-4
0
46
-44
-8
-48
0
62
14
18
14
6
-8
14
16
100
58
8
-12
-18
40
18
-18
76
124
60
80
72
130
72
26
-50
2
46
162
148
292
252
306
302
288
256
286
194
90
130
156
108
150
158
66
92
-84
70
62
20
30
36
-28
-40
-74
-106
-134
-136
-120
-140
-158
-144
-134
-88
-20
48
12
-10
80
122
176
126
122
160
160
248
250
222
180
106
88
62
114
54
90
104
132
118
124
186
134
146
74
60
64
142
210
228
190
226
212
162
132
226
206
244
310
354
476
518
566
624
584
626
614
590
660
718
780
782
750
748
754
700
748
574
446
444
450
394
410
490
596
604
586
610
526
558
534
640
628
678
624
624
548
558
502
520
552
480
500
520
444
450
460
440
520
490
490
476
512
494
508
458
424
466
452
338
318
298
246
378
346
354
294
218
266
292
352
382
412
444
396
448
396
446
450
414
382
334
304
348
410
416
384
278
254
258
180
136
140
48
80
-38
6
-54
-10
-28
76
128
114
178
126
-10
-14
-110
-186
-292
-318
-296
-252
-218
-268
-240
-306
-278
-112
-194
-116
-98
-76
-56
26
58
70
86
62
38
-42
-84
-106
-54
0
86
30
6
16
-42
22
28
50
36
138
84
140
172
150
60
0
0
16
30
40
44
96
90
114
100
80
74
144
130
160
190
186
162
200
188
280
322
332
342
352
290
336
294
266
182
144
144
130
64
78
114
110
76
70
192
162
150
140
158
134
62
60
96
198
92
56
42
96
106
166
64
-52
-120
-86
-52
0
6
78
154
194
184
88
50
32
44
10
0
34
116
128
114
146
78
80
204
262
332
320
344
260
302
230
170
282
424
410
372
310
340
374
400
366
364
276
264
112
62
202
204
122
190
234
184
182
76
60
22
72
50
2
-12
6
10
-146
-142
-204
-82
-66
-106
-138
-118
-64
-130
-138
-158
-206
-228
-244
-186
-162
-134
-80
-60
-46
34
52
50
-14
26
-118
-120
-94
-76
8
-88
-18
48
-70
-64
14
-2
-86
-38
-20
-114
-166
-212
-76
-124
-32
10
-48
18
64
76
84
122
80
82
42
148
150
190
172
278
372
366
332
236
220
200
200
168
218
124
166
98
96
202
158
148
186
222
206
216
182
158
234
318
352
296
326
230
224
358
430
462
492
532
536
450
512
512
502
388
472
400
408
426
452
460
452
388
362
292
270
252
230
272
164
126
172
168
154
90
78
64
170
146
146
176
140
110
258
326
304
286
270
108
20
26
36
112
120
176
120
80
138
146
30
-14
134
122
120
122
134
192
222
230
252
262
170
114
98
86
-16
18
10
68
46
0
-4
6
22
-96
-110
-136
-82
-128
-92
-84
-116
-64
-78
-30
-148
-100
-48
8
-40
-26
-10
36
38
50
118
124
168
196
236
192
114
140
88
96
98
112
90
82
84
80
30
22
28
26
64
64
40
90
104
96
42
44
0
-20
32
60
66
98
70
42
6
30
4
86
274
278
296
318
320
226
140
192
160
122
170
172
192
208
100
130
154
130
128
298
300
320
382
458
476
548
484
460
514
504
480
530
508
590
654
602
604
608
604
568
550
492
576
646
664
678
616
572
574
524
618
738
736
732
746
632
588
606
630
654
586
524
472
506
608
582
652
676
724
750
744
720
704
642
622
702
660
754
710
668
592
590
580
500
504
530
528
606
574
524
642
658
656
622
654
666
596
582
628
642
684
710
686
660
606
540
530
558
588
492
460
434
514
520
528
528
518
540
614
644
698
686
670
566
526
556
524
586
642
576
518
466
470
492
522
524
496
506
476
452
372
408
344
288
326
336
304
330
226
310
310
362
270
296
258
224
74
136
154
146
206
164
206
84
86
152
144
70
76
132
110
108
98
30
8
14
38
22
98
44
76
-26
-84
-80
-70
-62
-72
-116
-92
-130
-160
-164
-162
-226
-190
-286
-228
-210
-204
-156
-150
-94
-46
-112
-84
-188
-34
36
-4
62
40
26
-46
-86
-110
-152
-214
-168
-140
-54
-42
-32
6
-34
-100
-24
-98
-48
-46
-48
-200
-218
-176
-198
-302
-302
-214
-236
-222
-242
-246
-228
-232
-280
-308
-330
-410
-378
-296
-258
-212
-258
-254
-326
-310
-188
-180
-112
-180
-148
-80
-36
14
20
-12
-44
-48
-54
-34
-58
30
-88
-34
-4
-42
32
84
92
112
76
88
144
230
164
192
246
148
184
176
194
216
204
168
210
222
356
412
466
440
542
558
586
590
658
604
622
570
638
654
618
498
606
550
550
616
598
646
664
640
672
664
670
618
588
670
634
634
576
576
572
554
522
452
396
414
450
452
408
420
514
604
604
688
638
600
642
596
590
534
476
472
614
600
602
620
570
572
510
522
592
538
516
552
528
372
384
426
456
484
410
456
444
498
480
476
484
482
514
564
582
602
500
492
430
392
404
390
382
342
350
326
340
398
424
416
400
478
422
464
422
428
410
324
318
410
336
222
202
220
198
248
208
156
212
246
230
240
300
262
340
298
320
324
404
392
392
432
438
428
472
378
312
320
316
462
416
430
438
430
396
424
396
470
438
378
332
274
306
344
288
312
378
314
324
238
200
162
142
186
116
48
42
116
148
116
146
162
246
206
252
246
202
176
154
234
158
204
312
376
420
420
462
484
544
506
472
492
496
472
390
360
414
352
334
196
226
248
314
336
364
298
304
302
288
280
320
338
342
282
218
202
158
212
296
324
334
278
186
176
242
260
324
312
412
362
292
262
236
274
200
228
156
92
30
56
94
64
20
16
-104
-88
-100
-64
-86
-186
-160
-126
-114
-186
-226
-212
-268
-220
-214
-190
-136
-236
-326
-350
-390
-420
-374
-448
-458
-452
-424
-506
-572
-612
-658
-660
-674
-642
-564
-588
-654
-662
-722
-730
-722
-702
-748
-716
-736
-750
-696
-684
-614
-536
-526
-540
-596
-486
-488
-508
-478
-490
-470
-430
-506
-532
-480
-498
-466
-512
-506
-444
-490
-366
-302
-374
-410
-364
-316
-314
-374
-384
-364
-364
-400
-314
-296
-204
-192
-94
-60
-76
-18
-152
-266
-348
-208
-280
-268
-268
-324
-388
-346
-260
-346
-400
-352
-382
-404
-296
-264
-320
-320
-286
-274
-166
-128
-164
-194
-162
-82
-72
-60
-20
-14
-60
-36
-72
-84
-88
-78
-98
-42
-82
-148
-186
-194
-254
-318
-328
-296
-328
-244
-178
-166
-134
-172
-156
-184
-44
36
52
32
44
-28
-92
-70
-120
-182
-176
-160
-124
-218
-198
-244
-216
-128
-34
-50
-24
-72
-126
-130
-60
-70
-60
-50
-22
72
0
8
54
28
104
62
-70
2
92
68
66
40
-52
-46
-94
-154
-174
-122
-30
-32
-46
-48
22
120
152
132
250
238
298
280
216
160
128
84
78
38
40
70
38
4
38
48
50
86
12
6
54
66
48
6
2
-40
-68
-22
-48
-50
-24
-162
-200
-266
-238
-208
-212
-252
-308
-378
-338
-356
-312
-218
-334
-480
-446
-420
-386
-436
-510
-518
-492
-494
-458
-408
-438
-314
-250
-180
-170
-96
-100
-136
-106
-188
-166
-200
-208
-132
-108
-90
-26
12
38
128
142
100
120
162
146
100
80
30
12
-46
-74
-28
-6
-40
-52
-38
40
14
-22
-32
-20
-18
94
166
152
128
98
86
108
54
14
98
176
146
72
52
36
44
42
-12
-46
-92
-66
-52
-104
-138
-214
-232
-216
-248
-252
-218
-240
-202
-232
-236
-236
-198
-252
-280
-310
-238
-194
-276
-284
-210
-156
-194
-142
-164
-184
-156
-190
-240
-286
-174
-74
-64
-24
-70
-130
-136
-38
-42
48
38
86
80
84
124
22
52
-22
-76
-78
-76
-108
-52
-34
-100
-120
-122
-74
2
16
54
88
184
160
40
-24
50
80
78
46
140
86
40
130
156
210
188
304
210
270
358
278
358
340
288
282
310
248
188
204
258
248
226
174
156
140
182
272
280
292
262
346
346
382
376
430
426
444
440
408
396
404
420
438
488
474
494
446
456
460
484
386
374
412
360
364
228
182
180
118
176
278
350
388
426
456
422
392
324
226
312
314
304
310
460
472
496
448
352
418
380
384
352
412
314
188
234
264
222
282
306
300
368
336
308
310
186
170
240
192
174
228
200
216
92
70
152
48
-8
30
74
58
74
36
-2
0
-62
-82
-102
-166
-120
-158
-140
-32
-32
-10
-24
8
-94
-48
-14
-42
-76
-20
-78
-88
-160
-122
-108
-72
-20
-40
6
-76
62
30
16
-2
34
-40
-80
-28
0
-2
78
12
46
144
226
232
236
160
80
-18
60
82
-26
-82
-88
-114
-166
-120
-82
-92
-72
-72
-138
-142
-160
-140
-100
-100
-266
-198
-166
-176
-188
-154
-142
-174
-108
-30
-100
-154
-158
-96
-92
-4
-14
-36
20
86
26
20
-8
-40
56
-8
-80
-92
-136
-142
-90
-66
-34
-10
-54
-24
76
-2
32
-80
-156
-48
4
28
-42
6
38
18
128
176
216
218
208
190
304
358
384
350
336
354
308
300
300
316
360
272
272
284
298
396
368
404
420
454
466
402
506
496
616
558
574
580
614
610
640
636
600
560
552
574
426
400
426
470
450
436
402
362
296
344
340
352
286
272
266
330
238
132
130
-4
-8
42
30
-2
-50
-16
36
76
40
64
98
26
-52
-10
90
30
-70
-154
-220
-186
-162
-96
2
-78
-88
-134
-22
-52
2
-46
18
-4
-32
0
92
80
140
98
46
58
90
176
154
190
176
60
126
102
94
-8
-18
4
112
144
200
178
166
230
184
134
138
158
130
122
138
176
110
188
330
236
180
266
292
256
240
260
256
234
236
108
194
184
184
274
240
238
264
328
298
270
298
300
324
310
296
336
364
282
306
110
76
184
126
178
188
224
220
366
432
450
372
372
296
306
356
444
400
320
338
270
264
194
188
196
256
298
286
280
364
396
396
470
550
530
506
516
518
452
484
544
540
482
418
500
594
562
524
422
432
426
398
394
370
388
432
382
450
370
352
400
414
484
520
644
702
678
684
646
656
662
622
596
658
612
614
570
536
576
508
400
390
500
508
488
406
462
550
478
488
480
472
474
422
474
450
538
534
514
406
402
358
312
350
284
270
248
192
128
162
78
94
114
176
160
112
32
-2
-54
-14
-6
-54
0
52
66
46
-8
-8
28
-66
-20
-126
-152
-66
-26
-130
-146
-152
-38
-48
-190
-216
-284
-276
-300
-282
-224
-236
-272
-358
-378
-384
-356
-406
-388
-460
-478
-428
-394
-516
-576
-610
-602
-604
-542
-528
-580
-462
-456
-396
-372
-310
-426
-384
-318
-382
-380
-350
-332
-348
-450
-466
-458
-410
-450
-454
-360
-356
-378
-280
-460
-506
-486
-464
-582
-606
-610
-592
-608
-586
-594
-590
-642
-594
-582
-646
-688
-782
-840
-776
-708
-724
-768
-762
-654
-642
-594
-672
-634
-690
-758
-794
-836
-834
-920
-882
-904
-934
-1026
-1012
-1098
-1010
-998
-956
-892
-968
-992
-946
-1006
-988
-1098
-976
-1008
-1024
-1052
-1090
-1114
-1078
-1012
-1022
-1014
-1026
-996
-978
-828
-872
-878
-928
-924
-928
-864
-890
-960
-980
-1006
-958
-870
-760
-664
-606
-546
-440
-462
-500
-548
-566
-544
-550
-544
-572
-564
-628
-614
-516
-490
-398
-416
-432
-322
-314
-316
-406
-406
-398
-462
-462
-374
-412
-446
-394
-438
-392
-424
-426
-474
-428
-320
-246
-254
-196
-290
-242
-264
-272
-228
-234
-266
-188
-206
-170
-136
-116
-116
-112
-172
-150
-54
12
-52
-168
-214
-256
-276
-218
-134
-140
-80
-64
-182
-204
-264
-240
-320
-306
-274
-296
-322
-300
-342
-292
-262
-314
-388
-388
-436
-532
-552
-548
-534
-542
-558
-504
-382
-364
-260
-302
-198
-218
-142
-78
-56
-34
8
-26
4
8
-22
-128
-138
-162
-230
-248
-224
-92
-134
-48
-40
-66
-54
-56
-32
-118
-130
-170
-120
-142
-104
-60
-106
-92
26
12
56
88
52
8
-120
-176
-190
-216
-252
-210
-286
-258
-212
-272
-330
-308
-290
-314
-290
-366
-408
-410
-458
-364
-466
-558
-618
-642
-666
-710
-746
-752
-738
-752
-782
-696
-634
-622
-538
-502
-504
-560
-612
-640
-716
-734
-730
-726
-842
-816
-822
-912
-938
-958
-944
-918
-844
-790
-938
-956
-1062
-1000
-1006
-938
-932
-936
-878
-914
-940
-920
-906
-812
-770
-782
-696
-670
-754
-676
-612
-566
-664
-622
-584
-566
-580
-576
-600
-516
-482
-582
-530
-564
-618
-624
-648
-584
-608
-642
-576
-638
-616
-670
-686
-706
-798
-754
-758
-796
-798
-762
-718
-640
-622
-540
-544
-644
-634
-478
-442
-404
-404
-364
-344
-266
-184
-166
-200
-218
-196
-220
-248
-220
-178
-54
-70
-24
72
74
74
-32
-4
32
86
170
182
278
270
300
406
374
440
438
462
566
552
534
426
514
564
574
510
526
606
762
800
774
804
910
880
938
868
826
950
1028
962
974
968
950
908
940
950
886
842
862
792
782
884
824
758
742
758
714
656
600
646
580
618
516
466
538
418
394
468
532
550
514
394
400
384
402
476
438
486
360
306
326
344
338
418
406
352
376
318
264
308
274
262
246
310
312
214
298
296
332
330
322
306
244
220
220
198
168
142
92
82
204
244
218
186
246
224
208
226
208
212
214
222
282
148
128
192
300
308
276
282
192
270
340
220
158
238
274
222
136
162
120
142
244
214
318
240
204
202
152
152
188
154
146
136
158
248
272
296
264
264
196
212
240
218
86
38
42
-44
28
90
90
68
164
148
42
-52
-118
-70
-70
-44
-14
-66
2
90
78
148
124
50
64
-54
-120
-166
-110
-124
-166
-156
-86
-90
-86
-72
-32
-62
-64
-10
16
-14
20
40
-56
-82
-10
-18
-20
-66
-70
-40
98
148
202
124
120
58
36
-26
-46
-30
-128
-106
-108
-64
14
86
50
-24
-166
-170
-114
-100
-92
-180
-182
-136
-144
-132
-154
-138
-182
-254
-206
-284
-224
-244
-194
-168
-272
-324
-344
-284
-280
-184
-82
-92
-142
-174
-108
-182
-198
-194
-270
-280
-240
-224
-298
-250
-266
-328
-272
-276
-272
-358
-382
-324
-364
-324
-400
-428
-400
-478
-408
-358
-344
-360
-408
-474
-448
-432
-482
-498
-480
-484
-458
-484
-450
-392
-356
-420
-420
-292
-304
-234
-298
-348
-258
-288
-298
-252
-216
-276
-210
-228
-164
-114
-44
-58
-80
18
-26
-32
-48
-80
-70
-86
-84
-56
56
82
114
128
22
34
6
-4
-60
6
-82
-38
-88
-86
-58
-80
-6
32
14
-32
40
-24
-6
78
24
6
-4
92
72
48
-30
-32
-52
-40
18
4
-44
-46
-132
-180
-280
-324
-212
-238
-206
-252
-212
-150
-62
-82
-118
-12
58
102
94
56
6
-40
-24
-88
-164
-130
-66
-192
-174
-164
-160
-124
-60
-130
-32
-2
110
174
184
184
242
252
260
326
286
280
262
230
300
222
366
360
332
372
344
312
312
222
166
254
276
268
292
210
220
208
238
298
346
280
198
110
122
168
144
154
156
80
140
114
92
140
198
184
264
418
362
374
316
250
184
126
236
250
250
168
134
124
136
170
202
186
160
76
14
-16
-100
-40
-114
-20
-140
-126
-170
-196
-194
-298
-206
-180
-138
-144
-136
-118
-106
-94
-34
-40
10
-74
-162
-180
-150
-290
-256
-246
-332
-278
-224
-182
-140
-36
0
96
150
212
134
224
272
304
262
310
262
254
292
296
192
246
212
166
78
26
-10
-50
-154
-74
-128
-178
-276
-266
-248
-240
-298
-388
-420
-420
-486
-446
-486
-554
-528
-540
-572
-610
-638
-572
-548
-510
-516
-486
-498
-566
-554
-496
-556
-550
-502
-502
-480
-514
-516
-546
-544
-554
-590
-596
-512
-440
-480
-506
-584
-540
-570
-636
-574
-566
-522
-472
-434
-360
-382
-336
-304
-210
-236
-232
-270
-206
-244
-260
-318
-348
-378
-424
-450
-476
-434
-328
-342
-362
-370
-362
-310
-340
-350
-270
-242
-242
-186
-190
-168
-190
-242
-330
-370
-424
-426
-390
-328
-348
-294
-252
-208
-160
-254
-192
-272
-256
-326
-420
-394
-438
-478
-468
-488
-490
-452
-366
-422
-508
-540
-490
-528
-612
-666
-726
-666
-594
-546
-526
-534
-610
-592
-582
-658
-684
-646
-578
-506
-434
-468
-462
-402
-356
-280
-240
-264
-182
-236
-166
-94
-8
90
124
148
62
84
-14
94
32
46
122
166
236
130
156
108
140
176
50
114
124
200
244
324
258
294
162
180
222
248
260
246
256
214
308
214
188
148
130
100
144
184
182
208
240
208
116
10
-8
-28
-32
-76
-78
-86
-104
-34
-56
12
-92
-136
-100
-104
-178
-90
-194
-172
-164
-46
-96
-118
-104
-64
-112
-90
-156
-150
-32
-56
48
100
194
138
56
100
30
156
96
94
100
164
206
156
176
232
204
190
260
262
278
248
272
316
318
290
308
274
352
332
270
244
218
190
228
260
214
248
188
216
246
284
222
206
292
356
382
314
262
194
200
152
244
258
308
308
316
250
222
200
136
170
268
358
290
266
262
204
174
200
168
242
312
266
228
306
314
338
352
392
400
394
436
416
410
372
386
336
380
464
478
564
474
548
558
622
594
664
750
810
800
822
812
844
882
872
922
950
946
928
942
994
980
1004
930
958
960
900
826
834
780
754
732
726
756
758
744
782
770
800
738
616
682
746
790
804
762
732
788
810
732
722
766
750
752
760
886
874
864
900
930
948
912
900
928
978
1000
1036
1016
964
862
844
872
898
870
760
724
720
728
696
614
624
760
736
716
732
814
880
850
900
946
914
860
890
954
1080
1000
1020
986
960
942
816
760
692
720
710
654
698
712
660
682
698
758
764
734
746
718
688
686
638
724
730
656
612
630
570
648
680
730
884
896
928
850
830
774
852
832
794
856
816
828
862
736
766
698
724
842
794
780
750
788
740
686
630
618
676
764
722
694
690
742
740
716
704
604
642
630
528
554
532
638
606
528
482
462
450
444
348
438
438
386
436
492
434
388
348
344
360
328
374
262
254
148
166
266
202
118
84
94
174
156
130
88
122
156
200
168
118
82
140
200
180
212
186
262
310
366
312
274
328
364
242
274
378
410
428
442
492
542
538
522
512
600
520
458
504
456
468
538
584
570
490
528
574
618
660
654
616
522
504
438
398
380
358
296
386
252
458
510
468
454
370
368
370
358
354
460
496
376
538
612
654
612
556
594
480
462
396
380
418
504
510
516
582
632
580
598
572
624
596
676
592
614
516
500
582
574
600
596
546
544
508
506
504
496
472
386
426
410
474
454
310
402
362
334
294
270
296
288
174
128
212
186
92
124
98
190
264
330
362
332
316
372
304
358
302
360
304
280
246
220
274
184
180
130
146
158
84
80
30
78
44
36
68
112
164
162
120
126
182
134
24
52
-126
-144
-130
-110
-74
-116
-94
-46
-114
12
-28
-130
-118
-154
-186
-222
-246
-228
-196
-218
-120
-108
-134
-96
-78
-46
-78
